   3.4771999912209139E-002
   8.1953999793086041E-002
  0.12295299968957352     
  0.17094699956840032     
  0.22591799942961188     
  0.28248199928680151     
  0.33896799914418807     
  0.39482199900317028     
  0.44864599886727774     
  0.49960799873861106     
  0.54850599861515548     
  0.59512999849744119     
  0.63827799838850297     
  0.67578599829380437     
  0.70581199821799601     
  0.72824299816136318     
  0.74416299812116904     
  0.75406999809615627     
  0.75920099808320174     
  0.76076199807926059     
  0.75908499808349461     
  0.75526999809312656     
  0.75002799810636134     
  0.74338899812312320     
  0.73594599814191497     
  0.72758399816302699     
  0.71894199818484594     
  0.70988299820771772     
  0.70047899823146054     
  0.69109399825515538     
  0.68162499827906231     
  0.67188299830365850     
  0.66225299832797191     
  0.65280299835183087     
  0.64298299837662398     
  0.63399999839930388     
  0.62484899842240793     
  0.61593799844490604     
  0.60697999846752282     
  0.59826899848951598     
  0.58976099851099661     
  0.58134099853225507     
  0.57307899855311462     
  0.56516799857308797     
  0.55738699859273311     
  0.54957799861244894     
  0.54192999863175828     
  0.53436499865085807     
  0.52723799866885201     
  0.52017599868668185     
  0.51324999870416832     
  0.50645799872131647     
  0.49985999873797482     
  0.49350299875402470     
  0.48728899876971354     
  0.48137499878464496     
  0.47537699879978845     
  0.46954599881451031     
  0.46374099882916653     
  0.45832499884284061     
  0.45293399885645158     
  0.44773699886957274     
  0.44254799888267371     
  0.43749399889543383     
  0.43234299890843886     
  0.42739999892091873     
  0.42261699893299465     
  0.41780799894513621     
  0.41336299895635875     
  0.40880699896786155     
  0.40444999897886191     
  0.40034799898921847     
  0.39623699899959774     
  0.39218299900983311     
  0.38811299902010887     
  0.38430799902971557     
  0.38044799903946114     
  0.37674599904880779     
  0.37305199905813424     
  0.36938099906740263     
  0.36577299907651195     
  0.36222299908547484     
  0.35885299909398327     
  0.35549999910244878     
  0.35204899911116172     
  0.34866699911970045     
  0.34548699912772918     
  0.34236499913561147     
  0.33919399914361748     
  0.33609299915144675     
  0.33305199915912453     
  0.33005099916670133     
  0.32705999917425288     
  0.32424799918135250     
  0.32136699918862632     
  0.31839699919612485     
  0.31561599920314620     
  0.31300699920973329     
  0.31037899921636836     
  0.30779799922288475     
  0.30535499922905274     
  0.30290899923522829     
  0.30038899924159068     
  0.29797899924767535     
  0.29562599925361610     
  0.29335499925934982     
  0.29106499926513152     
  0.28878599927088544     
  0.28652099927660402     
  0.28438099928200700     
  0.28230899928723829     
  0.27999399929308311     
  0.27784499929850881     
  0.27564899930405318     
  0.27357299930929457     
  0.27169999931402344     
  0.26967199931914365     
  0.26778399932391039     
  0.26584199932881347     
  0.26391399933368120     
  0.26207599933832171     
  0.26014799934318944     
  0.25842399934754212     
  0.25666399935198569     
  0.25502999935611115     
  0.25332299936042091     
  0.25155899936487458     
  0.24986499936915152     
  0.24813199937352692     
  0.24649899937764985     
  0.24484799938181823     
  0.24317199938604972     
  0.24160799938999844     
  0.24000999939403300     
  0.23842499939803474     
  0.23682899940206426     
  0.23532199940586906     
  0.23385399940957541     
  0.23226799941357967     
  0.23076199941738196     
  0.22929999942107315     
  0.22787599942466841     
  0.22648199942818792     
  0.22510399943166703     
  0.22374399943510070     
  0.22239299943851165     
  0.22111099944174839     
  0.21985399944492201     
  0.21848699944837335     
  0.21724099945151920     
  0.21602299945459436     
  0.21481099945765436     
  0.21357399946077749     
  0.21234199946388799     
  0.21112699946695557     
  0.20997099946987419     
  0.20880899947280795     
  0.20761199947583009     
  0.20637199947896079     
  0.20528199948171277     
  0.20417099948451778     
  0.20297699948753234     
  0.20190199949024645     
  0.20077499949309185     
  0.19968399949584636     
  0.19867199949840142     
  0.19756299950120138     
  0.19647899950393821     
  0.19545399950652609     
  0.19439699950919476     
  0.19335599951182303     
  0.19223399951465581     
  0.19130699951699626     
  0.19032299951948062     
  0.18929899952206597     
  0.18834399952447711     
  0.18741699952681756     
  0.18644399952927415     
  0.18549799953166257     
  0.18456799953401060     
  0.18360299953644699     
  0.18260099953897679     
  0.18167599954131219     
  0.18079999954352388     
  0.17991799954575072     
  0.17900299954806087     
  0.17808199955038617     
  0.17719799955261806     
  0.17632799955481460     
  0.17555699955676118     
  0.17468899955895267     
  0.17386299956103812     
  0.17295799956332303     
  0.17213899956539080     
  0.17134099956740556     
  0.17058099956932438     
  0.16985499957115735     
  0.16907899957311656     
  0.16840799957481067     
  0.16768199957664365     
  0.16692199957856246     
  0.16617899958043836     
  0.16548599958218801     
  0.16479899958392252     
  0.16402899958586659     
  0.16332999958763139     
  0.16261799958942902     
  0.16189399959125694     
  0.16121799959296368     
  0.16046899959485472     
  0.15971699959675334     
  0.15910499959829849     
  0.15843899959997998     
  0.15776299960168672     
  0.15706399960345152     
  0.15643399960504212     
  0.15574999960676905     
  0.15511199960837985     
  0.15447499960998812     
  0.15384299961158376     
  0.15322899961313396     
  0.15254799961485332     
  0.15192599961642372     
  0.15137299961781991     
  0.15072499961945596     
  0.15009099962105665     
  0.14948599962258413     
  0.14883799962422017     
  0.14823999962572998     
  0.14761999962729533     
  0.14705599962871929     
  0.14648799963015335     
  0.14591899963158994     
  0.14537299963296846     
  0.14482399963435455     
  0.14428899963570530     
  0.14376299963703332     
  0.14324199963834872     
  0.14270799963969694     
  0.14220099964097699     
  0.14166099964234036     
  0.14111999964370625     
  0.14052799964520091     
  0.13996899964661225     
  0.13945699964790492     
  0.13901099964903096     
  0.13846399965041201     
  0.13801199965155320     
  0.13747199965291657     
  0.13691299965432790     
  0.13643599965553221     
  0.13595299965675167     
  0.13542899965807464     
  0.13489499965942287     
  0.13433199966084430     
  0.13387299966200317     
  0.13343299966311406     
  0.13294499966434614     
  0.13245599966558075     
  0.13193399966689867     
  0.13141999966819640     
  0.13102399966919620     
  0.13057899967031972     
  0.13011699967148616     
  0.12961299967275863     
  0.12913199967397304     
  0.12867199967513443     
  0.12820599967631097     
  0.12776399967742691     
  0.12731599967855800     
  0.12687099967968152     
  0.12644999968074444     
  0.12600799968186038     
  0.12553299968305964     
  0.12510399968414276     
  0.12466299968525618     
  0.12422499968636203     
  0.12374899968756381     
  0.12332899968862421     
  0.12290999968968208     
  0.12255099969058847     
  0.12216799969155545     
  0.12174399969262595     
  0.12135499969360808     
  0.12097299969457254     
  0.12064399969540318     
  0.12022399969646358     
  0.11982099969748106     
  0.11938699969857680     
  0.11901699969951096     
  0.11859799970056883     
  0.11818799970160399     
  0.11781699970254067     
  0.11744299970348493     
  0.11699299970462107     
  0.11657199970568399     
  0.11622999970654746     
  0.11586499970746900     
  0.11556999970821380     
  0.11518899970917573     
  0.11485199971002658     
  0.11453699971082187     
  0.11419199971169292     
  0.11386599971251599     
  0.11346099971353851     
  0.11308799971448025     
  0.11274899971533614     
  0.11239199971623748     
  0.11202599971716154     
  0.11166599971807045     
  0.11129499971900714     
  0.11095699971986051     
  0.11060199972075679     
  0.11025299972163793     
  0.10993299972244586     
  0.10959799972329165     
  0.10932099972399101     
  0.10895199972492264     
  0.10864099972570784     
  0.10834599972645265     
  0.10802599972726057     
  0.10770199972807859     
  0.10738399972888146     
  0.10709699972960607     
  0.10676499973044429     
  0.10649099973113607     
  0.10618199973191622     
  0.10588599973266355     
  0.10557499973344875     
  0.10527499973420618     
  0.10497099973497370     
  0.10468199973570336     
  0.10439599973642544     
  0.10407099973724598     
  0.10379799973793524     
  0.10353899973858915     
  0.10324399973933396     
  0.10295899974005351     
  0.10269799974071248     
  0.10243499974137649     
  0.10214499974210867     
  0.10183399974289387     
  0.10155899974358817     
  0.10130099974423956     
  0.10098699974503234     
  0.10073699974566352     
  0.10042699974644620     
  0.10014299974716323     
   9.9854999747890361E-002
   9.9618999748486203E-002
   9.9376999749097195E-002
   9.9082999749839473E-002
   9.8779999750604475E-002
   9.8536999751217991E-002
   9.8254999751929972E-002
   9.8017999752528340E-002
   9.7796999753086311E-002
   9.7514999753798293E-002
   9.7259999754442106E-002
   9.7006999755080869E-002
   9.6759999755704484E-002
   9.6539999756259931E-002
   9.6264999756954239E-002
   9.6000999757620775E-002
   9.5733999758294885E-002
   9.5500999758883154E-002
   9.5290999759413353E-002
   9.5043999760036968E-002
   9.4823999760592415E-002
   9.4593999761173109E-002
   9.4324999761852268E-002
   9.4072999762488507E-002
   9.3816999763134845E-002
   9.3600999763680193E-002
   9.3367999764268461E-002
   9.3118999764897126E-002
   9.2925999765384404E-002
   9.2720999765901979E-002
   9.2474999766523069E-002
   9.2198999767219902E-002
   9.1979999767772824E-002
   9.1748999768356043E-002
   9.1509999768959460E-002
   9.1282999769532580E-002
   9.1047999770125898E-002
   9.0829999770676295E-002
   9.0625999771191346E-002
   9.0405999771746792E-002
   9.0222999772208823E-002
   8.9996999772779418E-002
   8.9760999773375261E-002
   8.9555999773892836E-002
   8.9314999774501302E-002
   8.9111999775013828E-002
   8.8892999775566750E-002
   8.8656999776162593E-002
   8.8443999776700366E-002
   8.8228999777243189E-002
   8.8047999777700170E-002
   8.7841999778220270E-002
   8.7635999778740370E-002
   8.7427999779265519E-002
   8.7229999779765421E-002
   8.7031999780265323E-002
   8.6805999780835919E-002
   8.6601999781350969E-002
   8.6397999781866019E-002
   8.6189999782391169E-002
   8.5989999782896120E-002
   8.5801999783370775E-002
   8.5580999783928746E-002
   8.5411999784355430E-002
   8.5212999784857857E-002
   8.5024999785332511E-002
   8.4832999785817265E-002
   8.4639999786304543E-002
   8.4474999786721128E-002
   8.4246999787296772E-002
   8.4056999787776476E-002
   8.3863999788263754E-002
   8.3664999788766181E-002
   8.3492999789200439E-002
   8.3301999789682668E-002
   8.3080999790240639E-002
   8.2896999790705195E-002
   8.2705999791187423E-002
   8.2534999791619157E-002
   8.2334999792124108E-002
   8.2165999792550792E-002
   8.1982999793012823E-002
   8.1788999793502626E-002
   8.1559999794080795E-002
   8.1367999794565549E-002
   8.1200999794987183E-002
   8.1005999795479511E-002
   8.0853999795863274E-002
   8.0669999796327829E-002
   8.0498999796759563E-002
   8.0316999797219069E-002
   8.0157999797620505E-002
   7.9992999798037090E-002
   7.9802999798516794E-002
