  0.15229999615257839     
  0.20675999477680307     
  0.22424999433496851     
  0.24780999373979284     
  0.27384999308196711     
  0.30992999217050965     
  0.35360999106706004     
  0.37641999049083097     
  0.40313998981582699     
  0.44664998871667194     
  0.48652998770921840     
  0.51895998688996769     
  0.56009998585068388     
  0.58590998519866844     
  0.61698998441352160     
  0.64779998363519553     
  0.67966998283009161     
  0.70489998219272820     
  0.73100998153313412     
  0.75265998098620912     
  0.77343998046126217     
  0.78885998007172020     
  0.79868997982339351     
  0.81222997948134434     
  0.81960997929490986     
  0.82766997909129714     
  0.83337997894705040     
  0.82762997909230762     
  0.82187997923756484     
  0.81315997945785057     
  0.79103998001664877     
  0.77840998033570941     
  0.76516998067017994     
  0.74430998119714786     
  0.72534998167611775     
  0.70176998227179865     
  0.68193998277274659     
  0.66157998328708345     
  0.64938998359502875     
  0.62574998419222538     
  0.60679998467094265     
  0.58295998527319171     
  0.56138998581809574     
  0.54438998624755186     
  0.52812998665831401     
  0.50981998712086352     
  0.48512998774458538     
  0.47113998809800250     
  0.44834998867372633     
  0.43844998892382137     
  0.42121998935908778     
  0.40994998964379192     
  0.40006998989338172     
  0.38767999020637944     
  0.37926999041883391     
  0.37017999064846663     
  0.36234999084626907     
  0.34566999126764131     
  0.33374999156876584     
  0.32548999177743099     
  0.31149999213084811     
  0.30628999226246378     
  0.29860999245647690     
  0.28855999271036126     
  0.27959999293670990     
  0.26480999331033672     
  0.26173999338789145     
  0.25458999356851564     
  0.24370999384336756     
  0.23965999394567916     
  0.23257999412453501     
  0.22715999426145572     
  0.22268999437437742     
  0.21837999448325718     
  0.21746999450624571     
  0.21267999462725129     
  0.20733999476215104     
  0.20133999491372379     
  0.20005999494605931     
  0.19650999503573985     
  0.19127999516786076     
  0.18465999533509603     
  0.18395999535277952     
  0.18235999539319891     
  0.17483999558317009     
  0.17184999565870385     
  0.16968999571327004     
  0.16635999579739291     
  0.16472999583857018     
  0.15970999596538604     
  0.14724999628015212     
  0.14656999629733036     
  0.14366999637059052     
  0.14709999628394144     
  0.14731999627838377     
  0.14446999635038082     
  0.13888999649134348     
  0.13601999656384578     
  0.12934999673234415     
  0.12827999675937463     
  0.12587999682000373     
  0.12277999689831631     
  0.12078999694858794     
  0.11842999700820656     
  0.11090999719817773     
  0.10943999723531306     
  0.10794999727295362     
  0.10785999727522722     
  0.10590999732448836     
  0.10492999734924524     
  0.10291999740002211     
  0.10052999746039859     
   9.9569997484650230E-002
  0.10002999747302965     
   9.6699997557152528E-002
   9.5249997593782609E-002
   9.4779997605655808E-002
   9.2859997654159088E-002
   9.1879997678915970E-002
   9.2309997668053256E-002
   9.0719997708220035E-002
   8.9739997732976917E-002
   8.9129997748386813E-002
   8.6709997809521155E-002
   8.4349997869139770E-002
   8.6679997810279019E-002
   8.7139997798658442E-002
   8.7089997799921548E-002
   8.5139997849182691E-002
   8.4169997873686953E-002
   8.3689997885812772E-002
   8.2289997921179747E-002
   7.8949998005555244E-002
   7.8389998019702034E-002
   7.9229997998481849E-002
   7.9239997998229228E-002
   8.0589997964125359E-002
   7.7859998033090960E-002
   7.7379998045216780E-002
   7.5969998080836376E-002
   7.6319998071994632E-002
   7.6289998072752496E-002
   7.3899998133128975E-002
   7.3889998133381596E-002
   7.2029998180369148E-002
   7.1989998181379633E-002
   7.1549998192494968E-002
   7.1909998183400603E-002
   7.2329998172790511E-002
   7.0929998208157485E-002
   7.0929998208157485E-002
   6.9999998231651261E-002
   6.8599998267018236E-002
   6.8599998267018236E-002
   6.7659998290764634E-002
   6.8599998267018236E-002
   6.8099998279649299E-002
   6.6649998316279380E-002
   6.5229998352151597E-002
   6.4729998364782659E-002
   6.4689998365793144E-002
   6.4609998367814114E-002
   6.4579998368571978E-002
   6.3649998392065754E-002
   6.2229998427937971E-002
   5.9429998498671921E-002
   5.6069998583552660E-002
   5.5089998608309543E-002
   5.3749998642160790E-002
   5.2309998678538250E-002
   5.2629998670454370E-002
   5.2599998671212234E-002
   5.2559998672222719E-002
   5.2979998661612626E-002
   5.1159998707589693E-002
   5.0669998719968135E-002
   5.0649998720473377E-002
   4.8769998767966172E-002
   4.8249998781102477E-002
   4.7789998792723054E-002
   4.7319998804596253E-002
   4.6339998829353135E-002
   4.6309998830110999E-002
   4.5829998842236819E-002
   4.5819998842489440E-002
   4.5749998844257789E-002
   4.5279998856130987E-002
   4.4829998867498944E-002
   4.4819998867751565E-002
   4.4859998866741080E-002
   4.4379998878866900E-002
   4.4339998879877385E-002
   4.3839998892508447E-002
   4.4729998870025156E-002
   4.4299998880887870E-002
   4.4279998881393112E-002
   4.4669998871540884E-002
   4.5059998861688655E-002
   4.4989998863457004E-002
   4.4979998863709625E-002
   4.3989998888719128E-002
   4.3059998912212905E-002
   4.3509998900844948E-002
   4.3469998901855433E-002
   4.2519998925854452E-002
   4.2509998926107073E-002
   3.9339999006188009E-002
   3.9299999007198494E-002
   3.7929999041807605E-002
   3.7899999042565469E-002
   3.7889999042818090E-002
   3.6959999066311866E-002
   3.6489999078185065E-002
   3.7329999056964880E-002
   3.7239999059238471E-002
   3.7249999058985850E-002
   3.5419999105215538E-002
   3.5439999104710296E-002
   3.5889999093342340E-002
   3.4519999127951451E-002
   3.5429999104962917E-002
   3.5439999104710296E-002
   3.5449999104457675E-002
   3.2319999183528125E-002
   3.2749999172665412E-002
   3.2289999184285989E-002
   3.2279999184538610E-002
   3.1359999207779765E-002
   3.0899999219400343E-002
   3.0879999219905585E-002
   3.0879999219905585E-002
   3.0969999217631994E-002
   3.0489999229757814E-002
   3.0009999241883634E-002
   2.9519999254262075E-002
   2.9519999254262075E-002
   2.9019999266893137E-002
   2.9019999266893137E-002
   2.9019999266893137E-002
   2.8529999279271578E-002
   2.8529999279271578E-002
   2.8529999279271578E-002
   2.7069999316154281E-002
   2.7069999316154281E-002
   2.7069999316154281E-002
   2.6579999328532722E-002
   2.8509999279776821E-002
   2.8509999279776821E-002
   2.8509999279776821E-002
   2.8509999279776821E-002
   2.8029999291902641E-002
   2.8509999279776821E-002
   2.8999999267398380E-002
   2.8999999267398380E-002
   2.8999999267398380E-002
   2.8519999279524200E-002
   2.6589999328280101E-002
   2.7549999304028461E-002
   2.7549999304028461E-002
   2.7549999304028461E-002
   2.8519999279524200E-002
   2.8999999267398380E-002
   2.8999999267398380E-002
   2.8999999267398380E-002
   2.8519999279524200E-002
   2.8039999291650020E-002
   2.7559999303775840E-002
   2.7559999303775840E-002
   2.8069999290892156E-002
   2.7589999303017976E-002
   2.7589999303017976E-002
   2.7589999303017976E-002
   2.7109999315143796E-002
   2.7109999315143796E-002
   2.7109999315143796E-002
   2.7109999315143796E-002
   2.7109999315143796E-002
   2.6609999327774858E-002
   2.6129999339900678E-002
   2.5639999352279119E-002
   2.5639999352279119E-002
   2.4679999376530759E-002
   2.4679999376530759E-002
   2.3239999412908219E-002
   2.1789999449538300E-002
   2.1789999449538300E-002
   2.1789999449538300E-002
   2.0809999474295182E-002
   2.2729999425791902E-002
   2.2729999425791902E-002
   2.1259999462927226E-002
   2.0769999475305667E-002
   2.0769999475305667E-002
   2.0759999475558288E-002
   2.0759999475558288E-002
   2.0759999475558288E-002
   2.1289999462169362E-002
   2.0799999474547803E-002
   2.0319999486673623E-002
   2.0319999486673623E-002
   2.0319999486673623E-002
   2.0319999486673623E-002
   2.0319999486673623E-002
   2.0309999486926245E-002
   2.0309999486926245E-002
   2.0309999486926245E-002
   2.0309999486926245E-002
   2.1249999463179847E-002
   2.1249999463179847E-002
   2.1249999463179847E-002
   2.1249999463179847E-002
   2.2189999439433450E-002
   2.2189999439433450E-002
   2.2189999439433450E-002
   2.2189999439433450E-002
   2.2189999439433450E-002
   2.2189999439433450E-002
   2.2189999439433450E-002
   2.2639999428065494E-002
   2.2619999428570736E-002
   2.2629999428318115E-002
   2.2629999428318115E-002
   2.2639999428065494E-002
   2.3109999416192295E-002
   2.3109999416192295E-002
   2.3109999416192295E-002
   2.3109999416192295E-002
   2.3109999416192295E-002
   2.3589999404066475E-002
   2.3599999403813854E-002
   2.2189999439433450E-002
   2.2189999439433450E-002
   2.2189999439433450E-002
   2.2189999439433450E-002
   2.3139999415434431E-002
   2.3139999415434431E-002
   2.1219999463937711E-002
   2.1219999463937711E-002
   2.1249999463179847E-002
   2.0299999487178866E-002
   2.0299999487178866E-002
   2.0279999487684108E-002
   1.9809999499557307E-002
   1.9789999500062549E-002
   1.9789999500062549E-002
   1.9309999512188369E-002
   1.9309999512188369E-002
   1.9299999512440991E-002
   1.9289999512693612E-002
   1.8819999524566811E-002
   1.8819999524566811E-002
   1.8819999524566811E-002
   1.9299999512440991E-002
   1.9779999500315171E-002
   1.9309999512188369E-002
   1.9309999512188369E-002
   1.9309999512188369E-002
   1.9309999512188369E-002
   1.9409999509662157E-002
   1.9379999510420021E-002
   1.9379999510420021E-002
   1.9379999510420021E-002
   1.9389999510167399E-002
   1.8919999522040598E-002
   1.8919999522040598E-002
   1.8429999534419039E-002
   1.8429999534419039E-002
   1.8429999534419039E-002
   1.9369999510672642E-002
   1.9359999510925263E-002
   1.9329999511683127E-002
   1.9329999511683127E-002
   1.9319999511935748E-002
   1.9319999511935748E-002
   1.9319999511935748E-002
   1.9319999511935748E-002
   1.9319999511935748E-002
   1.8849999523808947E-002
   1.9309999512188369E-002
   1.9299999512440991E-002
   1.9299999512440991E-002
   1.8359999536187388E-002
   1.8359999536187388E-002
   1.8349999536440009E-002
   1.8349999536440009E-002
   1.8349999536440009E-002
   1.8339999536692630E-002
   1.8799999525072053E-002
   1.8779999525577296E-002
   1.8779999525577296E-002
   1.7839999549323693E-002
   1.7799999550334178E-002
   1.7789999550586799E-002
   1.7789999550586799E-002
   1.7789999550586799E-002
   1.7779999550839420E-002
   1.7779999550839420E-002
   1.7779999550839420E-002
   1.7779999550839420E-002
   1.7779999550839420E-002
   1.7769999551092042E-002
   1.6369999586459016E-002
   1.5899999598332215E-002
   1.5889999598584836E-002
   1.5419999610458035E-002
   1.5419999610458035E-002
   1.5889999598584836E-002
   1.5889999598584836E-002
   1.5879999598837458E-002
   1.5879999598837458E-002
   1.5879999598837458E-002
   1.5879999598837458E-002
   1.6349999586964259E-002
   1.6349999586964259E-002
   1.6349999586964259E-002
   1.6329999587469501E-002
   1.6329999587469501E-002
   1.5859999599342700E-002
   1.5859999599342700E-002
   1.4919999623089097E-002
   1.4929999622836476E-002
   1.4929999622836476E-002
   1.4929999622836476E-002
   1.4929999622836476E-002
   1.4929999622836476E-002
   1.4819999625615310E-002
   1.4359999637235887E-002
   1.4369999636983266E-002
   1.4369999636983266E-002
   1.4369999636983266E-002
   1.4369999636983266E-002
   1.4809999625867931E-002
   1.4789999626373174E-002
   1.4789999626373174E-002
   1.4789999626373174E-002
   1.3869999649614329E-002
   1.3869999649614329E-002
   1.3409999661234906E-002
   1.3869999649614329E-002
   1.2959999672602862E-002
   1.2959999672602862E-002
   1.3419999660982285E-002
   1.3419999660982285E-002
   1.3399999661487527E-002
   1.3389999661740148E-002
   1.3369999662245391E-002
   1.3379999661992770E-002
   1.3369999662245391E-002
   1.2899999674118590E-002
   1.2899999674118590E-002
   1.2899999674118590E-002
   1.2879999674623832E-002
   1.2889999674371211E-002
   1.2889999674371211E-002
   1.2889999674371211E-002
   1.2889999674371211E-002
   1.2889999674371211E-002
   1.2889999674371211E-002
   1.2899999674118590E-002
   1.2899999674118590E-002
   1.2899999674118590E-002
   1.2909999673865968E-002
   1.2909999673865968E-002
   1.2839999675634317E-002
   1.2839999675634317E-002
   1.2839999675634317E-002
   1.2839999675634317E-002
   1.2809999676392181E-002
   1.2819999676139560E-002
   1.3739999652898405E-002
   1.3739999652898405E-002
   1.3739999652898405E-002
   1.3729999653151026E-002
   1.3729999653151026E-002
   1.3269999664771603E-002
   1.3269999664771603E-002
   1.3729999653151026E-002
   1.3729999653151026E-002
   1.3729999653151026E-002
   1.3279999664518982E-002
   1.3279999664518982E-002
   1.3279999664518982E-002
   1.3279999664518982E-002
   1.2379999687254895E-002
   1.2369999687507516E-002
   1.2389999687002273E-002
   1.2389999687002273E-002
   1.2389999687002273E-002
   1.2389999687002273E-002
   1.2399999686749652E-002
   1.1939999698370229E-002
   1.1939999698370229E-002
   1.1939999698370229E-002
   1.1939999698370229E-002
   1.1939999698370229E-002
   1.1939999698370229E-002
   1.1939999698370229E-002
   1.1939999698370229E-002
   1.1939999698370229E-002
   1.1939999698370229E-002
   1.1939999698370229E-002
   1.1939999698370229E-002
   1.1939999698370229E-002
   1.2879999674623832E-002
   1.2879999674623832E-002
   1.2879999674623832E-002
   1.2899999674118590E-002
   1.2899999674118590E-002
   1.2899999674118590E-002
   1.2899999674118590E-002
   1.2909999673865968E-002
   1.2909999673865968E-002
   1.2909999673865968E-002
   1.2429999685991788E-002
   1.2909999673865968E-002
   1.2909999673865968E-002
   1.2909999673865968E-002
   1.2909999673865968E-002
   1.2909999673865968E-002
   1.2909999673865968E-002
   1.0099999744852539E-002
   9.1599997685989365E-003
   9.1599997685989365E-003
   9.1599997685989365E-003
   9.1599997685989365E-003
   9.1599997685989365E-003
   9.1299997693568002E-003
   9.1299997693568002E-003
   9.1299997693568002E-003
   7.7199998049763963E-003
   7.7199998049763963E-003
   7.2499998168495949E-003
   7.2499998168495949E-003
   7.2499998168495949E-003
   7.2499998168495949E-003
   7.2499998168495949E-003
   7.2399998171022162E-003
   7.2399998171022162E-003
   7.2399998171022162E-003
   7.2399998171022162E-003
   7.2399998171022162E-003
   7.7199998049763963E-003
   6.7599998292280361E-003
   6.2799998413538560E-003
   6.2999998408486135E-003
   6.3099998405959923E-003
   6.3099998405959923E-003
   6.3099998405959923E-003
   6.7799998287227936E-003
   6.7799998287227936E-003
   6.6599998317542486E-003
   6.6599998317542486E-003
   6.6599998317542486E-003
   6.6599998317542486E-003
   6.6599998317542486E-003
   6.6599998317542486E-003
   6.6599998317542486E-003
   6.6599998317542486E-003
   6.6599998317542486E-003
   6.6599998317542486E-003
   7.6199998075026087E-003
   7.6199998075026087E-003
   7.6199998075026087E-003
   7.6199998075026087E-003
   7.6199998075026087E-003
   7.6199998075026087E-003
   7.6199998075026087E-003
   7.1499998193758074E-003
   7.1499998193758074E-003
   7.1499998193758074E-003
   7.1499998193758074E-003
   6.6699998315016273E-003
   6.6699998315016273E-003
   6.6699998315016273E-003
   6.6699998315016273E-003
   6.6699998315016273E-003
   6.6699998315016273E-003
   6.6799998312490061E-003
   6.6799998312490061E-003
   6.6799998312490061E-003
   6.6799998312490061E-003
   6.6799998312490061E-003
   6.6799998312490061E-003
   6.6799998312490061E-003
   6.6799998312490061E-003
   6.6799998312490061E-003
   6.6799998312490061E-003
   6.6799998312490061E-003
   6.6799998312490061E-003
   6.6799998312490061E-003
   6.6799998312490061E-003
   6.6799998312490061E-003
   6.6799998312490061E-003
   6.6799998312490061E-003
   6.6799998312490061E-003
   6.6799998312490061E-003
   6.6799998312490061E-003
   7.1599998191231862E-003
   7.1599998191231862E-003
   8.0999997953767888E-003
   8.0399997968925163E-003
   8.4999997852719389E-003
   8.5099997850193176E-003
   8.5099997850193176E-003
   8.5099997850193176E-003
   8.5199997847666964E-003
   8.5299997845140751E-003
   8.9799997731461190E-003
   8.9799997731461190E-003
   9.3999997625360265E-003
   9.4099997622834053E-003
   9.4099997622834053E-003
   9.4099997622834053E-003
   9.4299997617781628E-003
   9.4199997620307840E-003
   9.4199997620307840E-003
   9.4199997620307840E-003
   9.4199997620307840E-003
   9.8799997504102066E-003
   9.8799997504102066E-003
   9.8799997504102066E-003
   9.8799997504102066E-003
   8.9799997731461190E-003
   8.9799997731461190E-003
   8.9899997728934977E-003
   8.9899997728934977E-003
   8.9899997728934977E-003
   8.0699997961346526E-003
   8.0699997961346526E-003
   8.0699997961346526E-003
   8.0699997961346526E-003
   8.0699997961346526E-003
   8.0699997961346526E-003
   8.0699997961346526E-003
   8.0699997961346526E-003
   8.0599997963872738E-003
   8.0499997966398951E-003
   8.0499997966398951E-003
   8.0499997966398951E-003
   7.5999998080078512E-003
   7.1499998193758074E-003
   7.1499998193758074E-003
   7.1499998193758074E-003
   7.1499998193758074E-003
   7.1499998193758074E-003
   7.1499998193758074E-003
   7.1499998193758074E-003
   7.1399998196284287E-003
   7.1399998196284287E-003
   7.1399998196284287E-003
   8.9799997731461190E-003
   8.9899997728934977E-003
   8.9899997728934977E-003
   8.9999997726408765E-003
   8.9999997726408765E-003
   8.5399997842614539E-003
   8.4799997857771814E-003
   8.4799997857771814E-003
   8.4799997857771814E-003
   8.4799997857771814E-003
   8.4799997857771814E-003
   8.4699997860298026E-003
   8.4599997862824239E-003
   8.4599997862824239E-003
   8.4599997862824239E-003
   8.4599997862824239E-003
   8.4599997862824239E-003
   8.4599997862824239E-003
   8.4599997862824239E-003
   8.0099997976503801E-003
   7.9899997981556226E-003
   8.4599997862824239E-003
   8.4499997865350451E-003
   8.4499997865350451E-003
   8.4499997865350451E-003
   7.9999997979030013E-003
   7.9999997979030013E-003
   7.9999997979030013E-003
   7.9999997979030013E-003
   7.9999997979030013E-003
   7.9999997979030013E-003
   7.9999997979030013E-003
   7.9999997979030013E-003
   7.9999997979030013E-003
   7.9999997979030013E-003
   7.9999997979030013E-003
   7.9999997979030013E-003
   7.9999997979030013E-003
   7.9899997981556226E-003
   8.0099997976503801E-003
   8.0099997976503801E-003
   8.0099997976503801E-003
   8.0099997976503801E-003
   7.1099998203862924E-003
   7.1099998203862924E-003
   7.0999998206389137E-003
   7.0999998206389137E-003
   7.0999998206389137E-003
   7.0899998208915349E-003
   6.6399998322594911E-003
   6.6399998322594911E-003
   6.6299998325121123E-003
   6.6299998325121123E-003
   6.6299998325121123E-003
   6.6299998325121123E-003
   6.6299998325121123E-003
   6.6299998325121123E-003
   6.5899998335225973E-003
   6.5899998335225973E-003
   6.5899998335225973E-003
   6.5899998335225973E-003
   6.5899998335225973E-003
   6.5899998335225973E-003
   6.5899998335225973E-003
   6.5899998335225973E-003
   7.0499998219020199E-003
   7.0499998219020199E-003
   7.0499998219020199E-003
   7.0499998219020199E-003
   7.0499998219020199E-003
   7.0499998219020199E-003
   7.0499998219020199E-003
   7.0399998221546412E-003
   7.0399998221546412E-003
   7.0399998221546412E-003
   7.0399998221546412E-003
   7.0399998221546412E-003
   7.0399998221546412E-003
   7.0399998221546412E-003
   7.4999998105340637E-003
   7.4999998105340637E-003
   7.4999998105340637E-003
   7.4999998105340637E-003
   7.5099998102814425E-003
   7.5099998102814425E-003
   7.5099998102814425E-003
   7.5099998102814425E-003
   7.5099998102814425E-003
   7.5099998102814425E-003
   7.9799997984082438E-003
   7.9799997984082438E-003
   7.9799997984082438E-003
   7.9899997981556226E-003
   7.9899997981556226E-003
   7.9899997981556226E-003
   7.9899997981556226E-003
   7.9899997981556226E-003
   7.9899997981556226E-003
   7.9899997981556226E-003
   7.9899997981556226E-003
   7.9899997981556226E-003
   7.9899997981556226E-003
   7.9899997981556226E-003
   7.9899997981556226E-003
   8.1199997948715463E-003
   8.1199997948715463E-003
   7.6499998067447450E-003
   9.0599997711251490E-003
   9.0599997711251490E-003
   9.0599997711251490E-003
   9.0599997711251490E-003
   9.0599997711251490E-003
   9.0599997711251490E-003
   9.0599997711251490E-003
   9.0599997711251490E-003
   9.0599997711251490E-003
   9.0599997711251490E-003
   9.0599997711251490E-003
   9.0599997711251490E-003
   9.0599997711251490E-003
   9.0599997711251490E-003
   9.0599997711251490E-003
   9.0599997711251490E-003
   9.0599997711251490E-003
   9.5299997592519503E-003
   9.5299997592519503E-003
   9.5299997592519503E-003
   9.5299997592519503E-003
   9.5299997592519503E-003
   9.5299997592519503E-003
   9.0499997713777702E-003
   9.0499997713777702E-003
   9.0499997713777702E-003
   9.0499997713777702E-003
   9.0499997713777702E-003
   9.0499997713777702E-003
   9.0499997713777702E-003
   9.0499997713777702E-003
   9.0499997713777702E-003
   9.0499997713777702E-003
   9.0499997713777702E-003
   9.0499997713777702E-003
   9.0499997713777702E-003
   9.0499997713777702E-003
   8.5799997832509689E-003
   8.5799997832509689E-003
   8.5799997832509689E-003
   8.5799997832509689E-003
   8.5799997832509689E-003
   8.5799997832509689E-003
   8.5799997832509689E-003
   8.5799997832509689E-003
   8.5799997832509689E-003
   8.5799997832509689E-003
   8.5799997832509689E-003
   8.5799997832509689E-003
   8.5799997832509689E-003
   8.5799997832509689E-003
   8.5799997832509689E-003
   7.9699997986608651E-003
   7.9699997986608651E-003
   7.9599997989134863E-003
   7.9599997989134863E-003
   7.9599997989134863E-003
   7.9599997989134863E-003
   7.9599997989134863E-003
   7.9599997989134863E-003
   7.9599997989134863E-003
   7.9599997989134863E-003
   7.9599997989134863E-003
   7.9599997989134863E-003
   7.9599997989134863E-003
   7.9499997991661076E-003
   7.9499997991661076E-003
   7.9499997991661076E-003
   7.9499997991661076E-003
   7.9599997989134863E-003
   7.9599997989134863E-003
   7.9599997989134863E-003
   7.9599997989134863E-003
   7.9499997991661076E-003
   7.9499997991661076E-003
   7.9499997991661076E-003
   7.9499997991661076E-003
   7.9499997991661076E-003
   7.9499997991661076E-003
   7.9499997991661076E-003
   7.9499997991661076E-003
   7.9499997991661076E-003
   7.9499997991661076E-003
   7.9499997991661076E-003
   7.9499997991661076E-003
   7.9299997996713500E-003
   7.9299997996713500E-003
   7.9299997996713500E-003
   7.9299997996713500E-003
   7.9299997996713500E-003
   7.9299997996713500E-003
   7.9299997996713500E-003
   7.9299997996713500E-003
   7.9299997996713500E-003
   7.9299997996713500E-003
   7.9299997996713500E-003
   7.9299997996713500E-003
   7.9299997996713500E-003
   7.9199997999239713E-003
   7.8999998004292138E-003
   7.8999998004292138E-003
   7.4499998117971700E-003
   7.4499998117971700E-003
   7.4499998117971700E-003
   7.4499998117971700E-003
   7.4499998117971700E-003
   7.4499998117971700E-003
   7.4499998117971700E-003
   7.4499998117971700E-003
   6.5699998340278398E-003
   6.5799998337752186E-003
   6.5799998337752186E-003
   6.5799998337752186E-003
   6.5799998337752186E-003
   6.5799998337752186E-003
   6.5699998340278398E-003
   6.5699998340278398E-003
   6.5599998342804611E-003
   6.5599998342804611E-003
   6.5599998342804611E-003
   6.5599998342804611E-003
   6.5599998342804611E-003
   6.5599998342804611E-003
   6.5599998342804611E-003
   6.5599998342804611E-003
   6.0799998464062810E-003
