   9.5460999758984144E-002
  0.23561999940511669     
  0.26447299933226986     
  0.23339299941073932     
  0.24761499937483222     
  0.24533199938059624     
  0.25262199936219076     
  0.25561499935463416     
  0.25984099934396454     
  0.27421899930766358     
  0.28472399928114100     
  0.29964799924346153     
  0.31345299920860725     
  0.32757299917295768     
  0.34276499913460157     
  0.35865499909448317     
  0.37521499905267319     
  0.39167299901112074     
  0.40810799896962635     
  0.42508699892675850     
  0.44188999888433500     
  0.45784699884404745     
  0.47352399880446683     
  0.48778099876847136     
  0.50093099873527080     
  0.51381499870274183     
  0.52507899867430297     
  0.53541099864821717     
  0.54500999862398203     
  0.55394399860142585     
  0.56170499858183121     
  0.56812099856563236     
  0.57374199855144070     
  0.57877299853873865     
  0.58338199852710204     
  0.58707799851777054     
  0.58996899851047147     
  0.59216799850491952     
  0.59360999850127882     
  0.59485599849813298     
  0.59564399849614347     
  0.59598599849528000     
  0.59606099849509064     
  0.59569399849601723     
  0.59481899849822639     
  0.59356699850138739     
  0.59236399850442467     
  0.59078699850840621     
  0.58874199851356934     
  0.58659899851897990     
  0.58421899852498882     
  0.58171799853130324     
  0.57902399853810493     
  0.57622099854518183     
  0.57366199855164268     
  0.57071099855909324     
  0.56759699856695534     
  0.56426099857537793     
  0.56076399858420700     
  0.55746599859253365     
  0.55364599860217822     
  0.55001299861135067     
  0.54640099862047009     
  0.54270499862980159     
  0.53892799863933760     
  0.53513399864891653     
  0.53144999865821774     
  0.52770199866768053     
  0.52434999867614351     
  0.52068799868538918     
  0.51716499869428390     
  0.51362299870322659     
  0.51005699871222987     
  0.50645299872132910     
  0.50288999873032481     
  0.49936199873923215     
  0.49612299874740984     
  0.49268599875608743     
  0.48928199876468170     
  0.48591699877317751     
  0.48267999878135015     
  0.47963299878904309     
  0.47634799879733691     
  0.47305899880564084     
  0.46990699881359888     
  0.46680899882142057     
  0.46350799882975480     
  0.46043599883751085     
  0.45742099884512299     
  0.45429599885301286     
  0.45115199886095070     
  0.44804399886879764     
  0.44521399887594271     
  0.44229499888331247     
  0.43947999889041967     
  0.43637099889826914     
  0.43353299890543440     
  0.43060399891282941     
  0.42770199892015626     
  0.42505199892684686     
  0.42230299893378742     
  0.41958999894063709     
  0.41710599894690858     
  0.41452899895341488     
  0.41186999896012821     
  0.40912099896706877     
  0.40667699897323928     
  0.40434099897913711     
  0.40179599898556262     
  0.39918999899214214     
  0.39669399899844393     
  0.39427599900454879     
  0.39186999901062336     
  0.38953299901652372     
  0.38727499902222462     
  0.38500599902795329     
  0.38284199903341687     
  0.38054499903921624     
  0.37837199904470253     
  0.37617699905024438     
  0.37411899905544033     
  0.37189599906105286     
  0.36966399906668812     
  0.36767199907171744     
  0.36559099907697146     
  0.36359799908200330     
  0.36152999908722450     
  0.35950799909232956     
  0.35744699909753308     
  0.35548799910247908     
  0.35366099910709181     
  0.35166999911211860     
  0.34968399911713277     
  0.34784099912178590     
  0.34561499912740601     
  0.34381099913196067     
  0.34194499913667187     
  0.34019699914108514     
  0.33852699914530149     
  0.33681799914961630     
  0.33511999915390334     
  0.33333799915840245     
  0.33148799916307325     
  0.32962599916777435     
  0.32782999917230882     
  0.32613599917658576     
  0.32443099918089047     
  0.32260799918549310     
  0.32085899918990890     
  0.31936299919368594     
  0.31766399919797550     
  0.31612499920186110     
  0.31465599920556997     
  0.31318299920928894     
  0.31169299921305083     
  0.31024099921671677     
  0.30863199922077911     
  0.30711399922461169     
  0.30567999922823219     
  0.30406199923231725     
  0.30255799923611448     
  0.30092299924024246     
  0.29948299924387811     
  0.29795399924773847     
  0.29652699925134129     
  0.29489799925545412     
  0.29365399925859492     
  0.29224499926215231     
  0.29086699926563142     
  0.28957399926889593     
  0.28805399927273356     
  0.28668599927618743     
  0.28538599927946962     
  0.28419299928248165     
  0.28288899928577393     
  0.28166699928885919     
  0.28045299929192424     
  0.27910899929531752     
  0.27776599929870827     
  0.27645899930200812     
  0.27539699930468942     
  0.27425799930756511     
  0.27298199931078670     
  0.27187999931356899     
  0.27067799931660375     
  0.26956999931940118     
  0.26832499932254450     
  0.26716199932548079     
  0.26600999932838931     
  0.26480899933142155     
  0.26371799933417606     
  0.26249899933725374     
  0.26144299933991988     
  0.26044199934244716     
  0.25939599934508806     
  0.25828599934789054     
  0.25740199935012242     
  0.25634199935279867     
  0.25519199935570214     
  0.25424099935810318     
  0.25324799936061027     
  0.25220399936324611     
  0.25112499936597033     
  0.25008199936860365     
  0.24881199937181009     
  0.24769999937461762     
  0.24665699937725094     
  0.24589799937916723     
  0.24495799938154050     
  0.24391499938417383     
  0.24307599938629210     
  0.24215599938861487     
  0.24124199939092250     
  0.24037599939310894     
  0.23949599939533073     
  0.23873199939725964     
  0.23787399939942588     
  0.23699699940164010     
  0.23604599940404114     
  0.23514999940630332     
  0.23427999940849986     
  0.23339099941074437     
  0.23248899941302170     
  0.23159299941528388     
  0.23064299941768240     
  0.22989799941956335     
  0.22903099942175231     
  0.22814599942398672     
  0.22706799942670841     
  0.22632499942858431     
  0.22549499943067985     
  0.22465799943279308     
  0.22378999943498457     
  0.22296099943707759     
  0.22217999943904942     
  0.22137199944108943     
  0.22056599944312438     
  0.21964499944544968     
  0.21887099944740385     
  0.21807299944941860     
  0.21733399945128440     
  0.21653499945330168     
  0.21572199945535431     
  0.21490899945740694     
  0.21416899945927526     
  0.21342099946116377     
  0.21263999946313561     
  0.21188699946503675     
  0.21115199946689245     
  0.21056199946838206     
  0.20978499947034379     
  0.20905299947219191     
  0.20822799947427484     
  0.20763699947576697     
  0.20692199947757217     
  0.20621599947935465     
  0.20554699948104371     
  0.20490299948266966     
  0.20412799948462634     
  0.20353099948613362     
  0.20288099948777472     
  0.20226399948933249     
  0.20150799949124121     
  0.20091899949272829     
  0.20019399949455874     
  0.19958899949608622     
  0.19901799949752785     
  0.19829399949935578     
  0.19763799950101202     
  0.19704399950251172     
  0.19644199950403163     
  0.19579599950566262     
  0.19513599950732896     
  0.19451899950888674     
  0.19392199951039402     
  0.19331099951193664     
  0.19268599951351462     
  0.19202199951519106     
  0.19134999951688769     
  0.19071699951848586     
  0.19009399952005879     
  0.18952399952149790     
  0.18893499952298498     
  0.18834299952447964     
  0.18775999952595157     
  0.18722199952730989     
  0.18668299952867073     
  0.18616499952997856     
  0.18562299953134698     
  0.18502799953284921     
  0.18453199953410149     
  0.18402999953536892     
  0.18348099953675501     
  0.18293599953813100     
  0.18238699953951709     
  0.18196099954059264     
  0.18140299954200145     
  0.18090999954324616     
  0.18037999954458428     
  0.17984299954594007     
  0.17937199954712923     
  0.17882599954850775     
  0.17836899954966157     
  0.17783199955101736     
  0.17729999955236053     
  0.17678999955364816     
  0.17630099955488276     
  0.17580799955612747     
  0.17529499955742267     
  0.17482399955861183     
  0.17432199955987926     
  0.17386299956103812     
  0.17329699956246714     
  0.17280599956370679     
  0.17228499956502219     
  0.17184399956613561     
  0.17135899956736012     
  0.17094299956841041     
  0.17045199956965007     
  0.17000199957078621     
  0.16950399957204354     
  0.16908799957309384     
  0.16862599957426028     
  0.16809199957560850     
  0.16765899957670172     
  0.16713799957801712     
  0.16669699957913053     
  0.16625299958025153     
  0.16576499958148361     
  0.16535299958252381     
  0.16495499958352866     
  0.16450699958465975     
  0.16406899958576560     
  0.16366099958679570     
  0.16326499958779550     
  0.16278799958899981     
  0.16232199959017635     
  0.16186999959131754     
  0.16138999959252942     
  0.16102799959344338     
  0.16062099959447096     
  0.16020099959553136     
  0.15978899959657156     
  0.15936799959763448     
  0.15888599959885141     
  0.15854199959971993     
  0.15820899960056067     
  0.15768499960188365     
  0.15731099960282791     
  0.15695699960372167     
  0.15658199960466845     
  0.15615499960574653     
  0.15578099960669078     
  0.15538699960768554     
  0.15507099960848336     
  0.15477099960924079     
  0.15438699961021030     
  0.15392799961136916     
  0.15349899961245228     
  0.15306699961354298     
  0.15270599961445441     
  0.15235399961534313     
  0.15210599961596927     
  0.15178799961677214     
  0.15142499961768863     
  0.15115399961837284     
  0.15072999961944333     
  0.15040599962026135     
  0.14997399962135205     
  0.14946299962264220     
  0.14909599962356879     
  0.14868699962460141     
  0.14831599962553810     
  0.14797099962640914     
  0.14762299962728775     
  0.14724699962823706     
  0.14684799962924444     
  0.14644799963025434     
  0.14617099963095370     
  0.14581999963183989     
  0.14533799963305682     
  0.14503599963381930     
  0.14471299963463480     
  0.14435299963554371     
  0.14402999963635921     
  0.14373999963709139     
  0.14340499963793718     
  0.14306699963879055     
  0.14277899963951768     
  0.14244999964034832     
  0.14224099964087600     
  0.14187699964179501     
  0.14156799964257516     
  0.14122999964342853     
  0.14085899964436521     
  0.14057999964506962     
  0.14025199964589774     
  0.13989899964678898     
  0.13952599964773071     
  0.13931899964825334     
  0.13905199964892745     
  0.13872999964974042     
  0.13846599965040696     
  0.13819299965109622     
  0.13785399965195211     
  0.13760099965259087     
  0.13732299965329275     
  0.13700199965410320     
  0.13668799965489598     
  0.13637699965568117     
  0.13602599965656736     
  0.13574499965727682     
  0.13546199965799133     
  0.13513399965881945     
  0.13485199965953143     
  0.13448799966045044     
  0.13416499966126594     
  0.13384599966207134     
  0.13357399966275807     
  0.13326799966353065     
  0.13302599966414164     
  0.13272099966491169     
  0.13250399966545956     
  0.13214599966636342     
  0.13185999966708550     
  0.13154099966789090     
  0.13129699966850694     
  0.13098699966928962     
  0.13072899966994100     
  0.13041599967073125     
  0.13012199967147353     
  0.12983499967219814     
  0.12955999967289245     
  0.12932899967347566     
  0.12906599967413968     
  0.12886499967464715     
  0.12860999967529096     
  0.12831999967602314     
  0.12800499967681844     
  0.12766599967767434     
  0.12750699967807577     
  0.12730699967858072     
  0.12702499967929270     
  0.12674999967998701     
  0.12645499968073182     
  0.12617299968144380     
  0.12596499968196895     
  0.12572299968257994     
  0.12547599968320355     
  0.12525999968374890     
  0.12495699968451390     
  0.12460399968540514     
  0.12433399968608683     
  0.12407299968674579     
  0.12382099968738203     
  0.12353599968810158     
  0.12331499968865955     
  0.12306799968928317     
  0.12286599968979317     
  0.12265699969032084     
  0.12242399969090911     
  0.12214799969160595     
  0.12184299969237600     
  0.12158999969301476     
  0.12134299969363838     
  0.12110399969424179     
  0.12084499969489571     
  0.12057599969557486     
  0.12032999969619596     
  0.12005199969689784     
  0.11971199969775626     
  0.11953399969820566     
  0.11930599969878131     
  0.11910299969929383     
  0.11884899969993512     
  0.11865699970041987     
  0.11845099970093997     
  0.11819399970158884     
  0.11802099970202562     
  0.11778199970262904     
  0.11757899970314156     
  0.11732599970378033     
  0.11706499970443929     
  0.11681299970507553     
  0.11659099970563602     
  0.11632099970631771     
  0.11607799970693122     
  0.11586599970746647     
  0.11562099970808504     
  0.11543899970854454     
  0.11520499970913534     
  0.11493899970980692     
  0.11475699971026643     
  0.11454699971079663     
  0.11428699971145306     
  0.11408699971195801     
  0.11390099971242762     
  0.11369299971295277     
  0.11342499971362940     
  0.11321599971415708     
  0.11293499971486654     
  0.11268199971550530     
  0.11248599971600015     
  0.11232899971639654     
  0.11211699971693179     
  0.11192499971741654     
  0.11172799971791392     
  0.11147799971854511     
  0.11124799971912580     
  0.11102999971967620     
  0.11081999972020640     
  0.11064799972064066     
  0.11043099972118853     
  0.11026399972161016     
  0.11005399972214036     
  0.10992599972246353     
  0.10974899972291041     
  0.10955299972340526     
  0.10928499972408190     
  0.10904799972468027     
  0.10884199972520037     
  0.10864399972570027     
  0.10842699972624814     
  0.10820799972680106     
  0.10801799972728077     
  0.10785099972770240     
  0.10770899972806092     
  0.10759699972834369     
  0.10743099972876280     
  0.10726899972917181     
  0.10708699972963132     
  0.10687899973015647     
  0.10671599973056800     
  0.10651499973107548     
  0.10632699973155013     
  0.10611099973209548     
  0.10588299973267112     
  0.10568399973317355     
  0.10548399973367850     
  0.10524699973427687     
  0.10508499973468588     
  0.10488399973519336     
  0.10471899973560994     
  0.10454199973605682     
  0.10442099973636232     
  0.10422799973684960     
  0.10407399973723841     
  0.10393099973759945     
  0.10377299973799836     
  0.10361299973840232     
  0.10347699973874569     
  0.10328699973922539     
  0.10312499973963440     
  0.10298499973998787     
  0.10279399974047010     
  0.10265199974082861     
  0.10244699974134619     
  0.10228499974175520     
  0.10212899974214906     
  0.10193499974263887     
  0.10173599974314129     
  0.10154799974361595     
  0.10137499974405273     
  0.10119699974450214     
  0.10108599974478238     
  0.10089899974525451     
  0.10069799974576199     
  0.10049999974626189     
  0.10030099974676432     
  0.10015699974712788     
  0.10002999974744853     
   9.9903999747766647E-002
   9.9731999748200906E-002
   9.9537999748690709E-002
   9.9384999749076997E-002
   9.9185999749579423E-002
   9.9040999749945513E-002
   9.8931999750220712E-002
   9.8774999750617098E-002
   9.8647999750937743E-002
   9.8474999751374526E-002
   9.8296999751823932E-002
   9.8171999752139527E-002
   9.7992999752591459E-002
   9.7890999752848984E-002
   9.7764999753167103E-002
   9.7639999753482698E-002
   9.7496999753843738E-002
   9.7415999754048244E-002
   9.7212999754560769E-002
   9.7042999754989978E-002
   9.6905999755335870E-002
   9.6780999755651465E-002
   9.6630999756030178E-002
   9.6415999756573001E-002
   9.6320999756812853E-002
   9.6156999757226913E-002
   9.5998999757625825E-002
   9.5889999757901023E-002
   9.5764999758216618E-002
   9.5579999758683698E-002
   9.5432999759054837E-002
   9.5254999759504244E-002
   9.5096999759903156E-002
   9.4894999760413157E-002
   9.4779999760703504E-002
   9.4598999761160485E-002
   9.4445999761546773E-002
   9.4300999761912863E-002
   9.4137999762324398E-002
   9.4000999762670290E-002
   9.3907999762905092E-002
   9.3729999763354499E-002
   9.3548999763811480E-002
   9.3390999764210392E-002
   9.3213999764657274E-002
   9.3069999765020839E-002
   9.2904999765437424E-002
   9.2801999765697474E-002
   9.2660999766053465E-002
   9.2562999766300891E-002
   9.2474999766523069E-002
   9.2374999766775545E-002
   9.2266999767048219E-002
   9.2152999767336041E-002
   9.2024999767659210E-002
   9.1870999768048023E-002
   9.1693999768494905E-002
   9.1550999768855945E-002
   9.1402999769229609E-002
   9.1315999769449263E-002
   9.1158999769845650E-002
   9.1016999770204166E-002
   9.0835999770661147E-002
   9.0649999771130751E-002
   9.0506999771491792E-002
   9.0344999771900802E-002
   9.0190999772289615E-002
   9.0051999772640556E-002
   8.9917999772978874E-002
   8.9801999773271746E-002
   8.9670999773602489E-002
   8.9520999773981202E-002
   8.9372999774354867E-002
   8.9263999774630065E-002
   8.9178999774844669E-002
   8.9062999775137541E-002
   8.8991999775316799E-002
   8.8854999775662691E-002
   8.8751999775922741E-002
   8.8588999776334276E-002
   8.8479999776609475E-002
   8.8332999776980614E-002
   8.8210999777288635E-002
   8.8078999777621902E-002
   8.7892999778091507E-002
   8.7776999778384379E-002
   8.7617999778785816E-002
   8.7498999779086262E-002
   8.7392999779353886E-002
   8.7218999779793194E-002
   8.7096999780101214E-002
   8.6973999780411759E-002
   8.6862999780692007E-002
   8.6760999780949533E-002
   8.6684999781141414E-002
   8.6494999781621118E-002
   8.6388999781888742E-002
   8.6261999782209386E-002
   8.6159999782466912E-002
   8.6045999782754734E-002
   8.5889999783148596E-002
   8.5765999783461666E-002
   8.5607999783860578E-002
   8.5491999784153450E-002
   8.5419999784335232E-002
   8.5272999784706371E-002
   8.5210999784862906E-002
   8.5062999785236570E-002
   8.4923999785587512E-002
   8.4829999785824839E-002
   8.4695999786163156E-002
   8.4607999786385335E-002
   8.4524999786594890E-002
   8.4411999786880187E-002
   8.4281999787208406E-002
   8.4178999787468456E-002
   8.4060999787766377E-002
   8.3959999788021378E-002
   8.3828999788352121E-002
   8.3788999788453111E-002
   8.3658999788781330E-002
   8.3564999789018657E-002
   8.3502999789175192E-002
   8.3411999789404945E-002
   8.3288999789715490E-002
   8.3221999789884649E-002
   8.3114999790154798E-002
   8.2984999790483016E-002
   8.2854999790811235E-002
   8.2758999791053611E-002
   8.2650999791326285E-002
   8.2550999791578761E-002
   8.2459999791808514E-002
   8.2337999792116534E-002
   8.2221999792409406E-002
   8.2098999792719951E-002
   8.2009999792944654E-002
   8.1908999793199655E-002
   8.1811999793444556E-002
   8.1734999793638963E-002
   8.1625999793914161E-002
   8.1513999794196934E-002
   8.1419999794434261E-002
   8.1310999794709460E-002
   8.1184999795027579E-002
   8.1103999795232085E-002
   8.0987999795524956E-002
   8.0882999795790056E-002
   8.0797999796004660E-002
   8.0668999796330354E-002
   8.0526999796688870E-002
   8.0422999796951444E-002
   8.0292999797279663E-002
   8.0217999797469020E-002
   8.0151999797635654E-002
   8.0062999797860357E-002
   7.9932999798188575E-002
   7.9834999798436002E-002
   7.9738999798678378E-002
   7.9641999798923280E-002
   7.9581999799074765E-002
   7.9437999799438330E-002
   7.9356999799642836E-002
   7.9234999799950856E-002
   7.9192999800056896E-002
   7.9088999800319471E-002
   7.8993999800559322E-002
   7.8924999800733531E-002
   7.8778999801102145E-002
   7.8693999801316750E-002
   7.8638999801455611E-002
   7.8547999801685364E-002
   7.8463999801897444E-002
   7.8348999802187791E-002
   7.8234999802475613E-002
   7.8143999802705366E-002
   7.8042999802960367E-002
   7.7945999803205268E-002
   7.7865999803407249E-002
   7.7783999803614279E-002
   7.7688999803854131E-002
   7.7602999804071260E-002
   7.7485999804366656E-002
   7.7380999804631756E-002
   7.7291999804856459E-002
   7.7158999805192252E-002
   7.7067999805422005E-002
   7.6994999805606312E-002
   7.6858999805949679E-002
   7.6793999806113789E-002
   7.6696999806358690E-002
   7.6635999806512700E-002
   7.6538999806757602E-002
   7.6470999806929285E-002
   7.6389999807133790E-002
   7.6317999807315573E-002
   7.6226999807545326E-002
   7.6107999807845772E-002
   7.5974999808181565E-002
   7.5828999808550179E-002
   7.5701999808870823E-002
   7.5589999809153596E-002
   7.5529999809305082E-002
   7.5388999809661073E-002
   7.5311999809855479E-002
   7.5232999810054935E-002
   7.5202999810130677E-002
   7.5127999810320034E-002
   7.5075999810451322E-002
   7.5022999810585134E-002
   7.4896999810903253E-002
   7.4762999811241571E-002
   7.4686999811433452E-002
   7.4617999811607660E-002
   7.4554999811766720E-002
   7.4491999811925780E-002
   7.4397999812163107E-002
   7.4300999812408008E-002
   7.4218999812615039E-002
   7.4104999812902861E-002
   7.3998999813170485E-002
   7.3903999813410337E-002
   7.3807999813652714E-002
   7.3695999813935487E-002
   7.3600999814175339E-002
   7.3499999814430339E-002
   7.3393999814697963E-002
   7.3301999814930241E-002
   7.3186999815220588E-002
   7.3063999815531133E-002
   7.3003999815682619E-002
   7.2914999815907322E-002
   7.2848999816073956E-002
   7.2756999816306234E-002
   7.2681999816495590E-002
   7.2570999816775839E-002
   7.2475999817015690E-002
   7.2399999817207572E-002
   7.2302999817452474E-002
   7.2234999817624157E-002
   7.2204999817699900E-002
   7.2091999817985197E-002
   7.2020999818164455E-002
   7.1945999818353812E-002
   7.1882999818512872E-002
   7.1845999818606288E-002
   7.1764999818810793E-002
   7.1653999819091041E-002
   7.1604999819214754E-002
   7.1503999819469755E-002
   7.1438999819633864E-002
   7.1349999819858567E-002
   7.1253999820100944E-002
   7.1178999820290301E-002
   7.1105999820474608E-002
   7.1004999820729608E-002
   7.0902999820987134E-002
   7.0828999821173966E-002
   7.0757999821353224E-002
   7.0683999821540056E-002
   7.0585999821787482E-002
   7.0470999822077829E-002
   7.0380999822305057E-002
   7.0312999822476741E-002
   7.0268999822587830E-002
   7.0184999822799909E-002
   7.0129999822938771E-002
   7.0036999823173574E-002
   6.9961999823362930E-002
   6.9857999823625505E-002
   6.9756999823880506E-002
   6.9665999824110258E-002
   6.9569999824352635E-002
   6.9480999824577339E-002
   6.9416999824738923E-002
   6.9348999824910607E-002
   6.9318999824986349E-002
   6.9230999825208528E-002
   6.9165999825372637E-002
   6.9052999825657935E-002
   6.8966999825875064E-002
   6.8868999826122490E-002
   6.8793999826311847E-002
   6.8703999826539075E-002
   6.8640999826698135E-002
   6.8580999826849620E-002
   6.8474999827117244E-002
   6.8410999827278829E-002
   6.8338999827460611E-002
   6.8266999827642394E-002
   6.8225999827745909E-002
   6.8136999827970612E-002
   6.8103999828053929E-002
   6.8020999828263484E-002
   6.7929999828493237E-002
   6.7888999828596752E-002
   6.7818999828773485E-002
   6.7733999828988090E-002
   6.7665999829159773E-002
   6.7589999829351655E-002
   6.7503999829568784E-002
   6.7390999829854081E-002
   6.7348999829960121E-002
   6.7293999830098983E-002
   6.7194999830348934E-002
   6.7112999830555964E-002
   6.7028999830768043E-002
   6.6922999831035668E-002
   6.6849999831219975E-002
   6.6776999831404282E-002
   6.6726999831530520E-002
   6.6687999831628986E-002
