  0.46025016776209515     
  0.11834989625258241     
  0.67555869547642944     
  0.95528807800803439     
  0.99879008879381725     
  0.88032952599403291     
  0.94743707587016024     
  0.73637407557273971     
  0.47148467056352672     
  0.27548620037593108     
  0.26341423657948337     
   9.1241186379918737E-002
   6.6265977489239347E-003
  0.28267925811854111     
  0.42830721050486709     
  0.68416903701790810     
  0.96832014471356231     
   1.3738144999545443     
   1.7760067147542320     
   2.2263824467576416     
   2.6849248726113073     
   3.1237913974467535     
   3.6991489779377424     
   4.0943313799160634     
   4.5999942757813841     
   4.6877024293424236     
   4.5709577014605038     
   4.0116793928694161     
   3.5579185270852989     
   3.1889939844078086     
   2.4057693496120045     
   1.9392949422746675     
   1.8090999618899182     
   1.5693261624487000     
   1.2412007039054478     
  0.90822391406050507     
  0.68755653252142412     
  0.44153825714276884     
  0.37394871777561445     
  0.17974610280391223     
   5.9821378625882549E-002
   9.5228913629705758E-002
  0.29117128191143693     
  0.39632339775260750     
  0.49948120476805369     
  0.57986695761478702     
  0.84503885675482016     
  0.88652072425882222     
  0.98376703675669464     
   1.0249747439657240     
   1.0965083078621336     
   1.1179411154908965     
   1.1396377477193051     
   1.1807509275237409     
   1.1975440203756393     
   1.1871271088607926     
   1.1976615494652560     
   1.2580422954735240     
   1.2767015239873341     
   1.2910136535320740     
   1.3376243334938827     
   1.3377145707321825     
   1.3398603347657905     
   1.3508484334598516     
   1.3608546520335461     
   1.3826334308852770     
   1.3869597985773217     
   1.4037478289832794     
   1.3967160498535802     
   1.3872171588767275     
   1.3847058429482335     
   1.3728613677945973     
   1.3782180449445973     
   1.3866830680102145     
   1.3795818746633275     
   1.3779092860434956     
   1.3680455478028257     
   1.3530434748285629     
   1.3566988208279762     
   1.3480319184358160     
   1.3555750697815934     
   1.3720513313926106     
   1.3777783017113077     
   1.3791171340555295     
   1.3999945869900814     
   1.4072812579119209     
   1.3882669823377127     
   1.3789425858887903     
   1.3748209172419454     
   1.3716381424181763     
   1.3821771875765372     
   1.3719340630965404     
   1.3767362841400619     
   1.3774942808516395     
   1.3825342088292403     
   1.3541076611756964     
   1.3413994822482032     
   1.3418023439525832     
   1.3426715760163273     
   1.3271630015853819     
   1.3256276642770206     
   1.3154438452362940     
   1.3118983728808644     
   1.2993041842886437     
   1.3060791383826988     
   1.3092522371576603     
   1.3028652123953757     
   1.3067465160722804     
   1.3061969323149123     
   1.3211564199812882     
   1.3089402104768764     
   1.3071658858675193     
   1.3156349912142371     
   1.3252917544388416     
   1.3412227913566395     
   1.3252498028187287     
   1.3260293041570856     
   1.3367496473736740     
   1.3428448928307710     
   1.3118089618013609     
   1.3171856436649996     
   1.3184859137702776     
   1.3103571991559901     
   1.3216987880715938     
   1.3189502811248730     
   1.2625819931295381     
   1.2436015702590590     
   1.2319250566428623     
   1.2220992467684055     
   1.2391013303579759     
   1.2348236112757955     
   1.2402463741957626     
   1.2432242223751131     
   1.2475598952461828     
   1.2560531511801980     
   1.2564757495920886     
   1.2524460289526371     
   1.2839966664454969     
   1.2957679342757267     
   1.2834900428787352     
   1.2938958745539142     
   1.3057513423567175     
   1.2842482413905965     
   1.2831888903316471     
   1.2864521375145599     
   1.2721643743288544     
   1.2716423280156994     
   1.2729590093073204     
   1.2741579839859440     
   1.2708595370699709     
   1.2701151246752516     
   1.2790310104790419     
   1.2543720162317920     
   1.2654655387922824     
   1.2754835411956995     
   1.2810789933864672     
   1.2902195675248374     
   1.2887125856782142     
   1.2829943281867411     
   1.2917874220428098     
   1.2909780282391636     
   1.3013612348326413     
   1.2641659103112359     
   1.2541095830046987     
   1.2523029855510328     
   1.2151618118286467     
   1.1992948456082062     
   1.1650755603908616     
   1.1526321833118911     
   1.1442658717355361     
   1.1509384897149300     
   1.1615145907138689     
   1.1719994075281730     
   1.1680716047622270     
   1.1766447550212520     
   1.1864884831913491     
   1.1966864449272563     
   1.2026923130080740     
   1.1893103455802321     
   1.1909923982785084     
   1.1658209961385224     
   1.1727580537431825     
   1.1828398493627859     
   1.1852512731296803     
   1.1951907392717387     
   1.2050505115528858     
   1.2047973410987782     
   1.1874238583607917     
   1.1972024885118961     
   1.1992260174570781     
   1.1873531927814041     
   1.1969679643473059     
   1.1992561198234784     
   1.1749115202519922     
   1.1831525580289501     
   1.1925000012666431     
   1.2002526471842527     
   1.2060833350769649     
   1.2152222029265312     
   1.2242901816084404     
   1.1967298389434800     
   1.1936371644029520     
   1.1955847479326096     
   1.2045697147275063     
   1.2156215550342990     
   1.2244791372165276     
   1.2172359270151003     
   1.2260851736954521     
   1.1978154687047717     
   1.2066438390384850     
   1.2154105695420434     
   1.2112101553680086     
   1.2129745221548891     
   1.2250864286162255     
   1.2336425435933998     
   1.2117339844334554     
   1.1969454291760200     
   1.1903187649146381     
   1.1882788702655551     
   1.1749815116035731     
   1.1753204770916514     
   1.1837599586681309     
   1.1921460304753868     
   1.1622827374279574     
   1.1697908663187064     
   1.1768663939839530     
   1.1851840517762247     
   1.1899076227450347     
   1.1968018630822623     
   1.2049921858049613     
   1.2131323388691535     
   1.1862234371398395     
   1.1861106956620722     
   1.1863831240580183     
   1.1745805644423979     
   1.1690997908945340     
   1.1260097096207307     
   1.1340547811860349     
   1.1420566187784906     
   1.1312456304208927     
   1.1392025455860022     
   1.1471172205720310     
   1.1599540650366160     
   1.1678271210439632     
   1.1756581207384684     
   1.1789082251617859     
   1.1777495116583716     
   1.1853990776460432     
   1.1930065805959713     
   1.2005720205083412     
   1.1852476326313204     
   1.1915966753458025     
   1.1843767861217573     
   1.1918213319680819     
   1.1992253902264767     
   1.1961846511667151     
   1.1993108090039253     
   1.1818677720560227     
   1.1891232444054718     
   1.1963395094310088     
   1.1721330686281548     
   1.1484556979490144     
   1.1556298109443710     
   1.1304049747870122     
   1.1360532420738738     
   1.1375931676616267     
   1.1442017331429106     
   1.1512563538490777     
   1.0891207282316242     
   1.0649056058740349     
   1.0380947384881936     
   1.0451494284769429     
   1.0487446465519432     
   1.0557436645578213     
   1.0627122552292754     
   1.0696504185665188     
   1.0765581545690952     
   1.0810060741388994     
   1.0828621819674642     
   1.0886433429869702     
   1.0954735574899472     
   1.1016633858348417     
   1.1084548188307752     
   1.0642202507441703     
   1.0863693904120244     
   1.0931661729750290     
   1.0999347556517569     
   1.0877835212964304     
   1.0506658391589296     
   1.0573778461210319     
   1.0712327738615341     
   1.0745632747187364     
   1.0812263725954208     
   1.0878630798347300     
   1.0944733964360078     
   1.0905448638309432     
   1.0780875309579621     
   1.0803396518860764     
   1.0865284571060987     
   1.0930082984371250     
   1.0994625197928698     
   1.1058911211735185     
   1.1122941025780269     
   1.1186714640068887     
   1.1250232054606091     
   1.1313493269387869     
   1.1376498284414862     
   1.1138398490329355     
   1.1200882774523508     
   1.1263117127252116     
   1.1325101548508139     
   1.1100163318531899     
   1.1161607886344107     
   1.1222808138230320     
   1.1283764074189193     
   1.1344475694221132     
   1.1404942998317686     
   1.1465165986489878     
   1.1500510620526718     
   1.1560251011998168     
   1.1619747607906112     
   1.1679000408248177     
   1.1738009413020940     
   1.1662751349042995     
   1.1721208969598571     
   1.1779424947563282     
   1.1837399282940797     
   1.1895131975726405     
   1.1944822372451815     
   1.1306709712146019     
   1.1337041887767052     
   1.1394306388197384     
   1.1451345531145143     
   1.1508159316611088     
   1.1240947464108930     
   1.1297376495805658     
   1.1966831011418244     
   1.2023046380892919     
   1.2079033101274503     
   1.1630234824445154     
   1.1686359207932568     
   1.1742267135587574     
   1.1777328092560315     
   1.1466813733756656     
   1.1522894062422206     
   1.1434046955967747     
   1.1489853466953168     
   1.1545457999061477     
   1.1600860552285932     
   1.1643947965546526     
   1.1698957706439801     
   1.1753765729162609     
   1.1762497762412480     
   1.1399142838429976     
   1.1371681697710776     
   1.1425806494668755     
   1.1479738897603984     
   1.1533478906506538     
   1.1589195373038361     
   1.1642549630805719     
   1.1695711455630062     
   1.1748680847507265     
   1.1335254379810140     
   1.1259761962342032     
   1.1312654960357404     
   1.1249479845757440     
   1.1302139415093526     
   1.1354620665513004     
   1.1161760093741628     
   1.1213848401969508     
   1.1265761786388406     
   1.1317500246984440     
   1.1369063783765601     
   1.1420452396721268     
   1.1471666085871459     
   1.1522704851193519     
   1.1573568692708749     
   1.1589175621838428     
   1.0298249100504588     
   1.0348791659152043     
   1.0399179480697665     
   1.0484367125219147     
   1.0534610366989954     
   1.0584699254899057     
   1.0634633788927772     
   1.0684413969097823     
   1.0593217086498825     
   1.0404996621799185     
   1.0454410466382591     
   1.0503675470101808     
   1.1311022192526967     
   1.1360377498076657     
   1.1409576048351231     
   1.1458617843344727     
   1.1507502883053207     
   1.1556231167477145     
   1.1604802696624765     
   1.1653217470489494     
   1.1701475489075857     
   1.1749576752381552     
   1.1797521260405035     
   1.1266994413191620     
   1.1276662649424523     
   1.1324707154458800     
   1.1356221298602893     
   1.1403987561646103     
   1.1430391435168041     
   1.1477865391319235     
   1.1525193511222058     
   1.1572375794895429     
   1.1619412242323741     
   1.1666302853515875     
   1.0883149446715474     
   1.0929648809355244     
   1.0976011562143277     
   1.1022237705080125     
   1.1068327238169038     
   1.0931969684959295     
   1.0977929707949787     
   1.0795339837305122     
   1.0841271783766944     
   1.0887073610077662     
   1.0932745316234400     
   1.0978286902249275     
   1.1023698368117270     
   1.1069012010679431     
   1.1077327217865800     
   1.1122447099473427     
   1.1167437725258516     
   1.1212299095241756     
   1.1257031209401167     
   1.1314194555984398     
   1.1358730828902761     
   1.1403138001190896     
   1.1447416072830658     
   1.0758703455397867     
   1.0803486120252126     
   1.0568603424894252     
   1.0571600477962750     
   1.0592482416303337     
   1.0636984404185093     
   1.0676522987951711     
   1.0720795082131740     
   1.0764953714452932     
   1.0808998884904484     
   1.0852930593482235     
   1.0896748840198558     
   1.0940453625045676     
   1.0699123920552851     
   1.0742764187785379     
   1.0786294535249894     
   1.0829714962958443     
   1.0873025470899389     
   1.0916226059084626     
   1.0959316727502149     
   1.1002297476157943     
   1.1045168305059967     
   1.1087929214189747     
   1.1130580203562654     
   1.1173121273179625     
   1.1215552423032431     
   1.1257873653117620     
   1.1300084963440979     
   1.1342186354002504     
   1.1384177824804902     
   1.1426059375848816     
   1.1467831007125695     
   1.1509492718645922     
   1.1551044510394854     
   1.1372435765917297     
   1.1413776779354416     
   1.1455009899595585     
   1.1496135126630007     
   1.1537152460453171     
   1.1540019736054812     
   1.1580881982170954     
   1.1577239938288453     
   1.1617869081694336     
   1.1658391235471670     
   1.1587908734583641     
   1.1628276854151069     
   1.1668539193986232     
   1.1708695754108593     
   1.1548612822746835     
   1.1588694092248915     
   1.1628671849114158     
   1.1668546093339498     
   1.1708316824939216     
   1.1747984043898942     
   1.1787547750207785     
   1.1610900822583612     
   1.1649364932492694     
   1.1688941219972495     
   1.1728417094902039     
   1.1767792557311003     
   1.1807067607168380     
   1.1846242244506460     
   1.1885316469294036     
   1.1924290281558165     
   1.1963163681278004     
   1.2001936668474378     
   1.2040609243118721     
   1.2079181405233839     
   1.2233115100600984     
   1.2271121814976251     
   1.2309025765469004     
   1.2346826952092220     
   1.2384525374838684     
   1.2422121033695550     
   1.2459613928678017     
   1.2497004059789134     
   1.2534291427013495     
   1.2571476030368731     
   1.1486906427544881     
   1.1469770946472502     
   1.1507148282685713     
   1.1544433645956982     
   1.1581627036307320     
   1.1618728453740073     
   1.1655737898232008     
   1.1195565982999565     
   1.1126222398896963     
   1.1163862181214905     
   1.1201417875612663     
   1.1238889482065002     
   1.1276277000563928     
   1.1313580431140728     
   1.1350799773768647     
   1.1387935028472267     
   1.1236221029500721     
   1.1273450215999290     
   1.1302294973289411     
   1.1339363934482773     
   1.1376351207340534     
   1.1413256791874655     
   1.1450080688090345     
   1.1486822895965019     
   1.1523483415515785     
   1.1560062246747767     
   1.1596559389641719     
   1.1632974844221780     
   1.0503066978304485     
   1.1068633801805641     
   1.1087491744877633     
   1.1123927258579509     
   1.1160286770037517     
   1.1196570279245266     
   1.1232777786222499     
   1.0526937787276907     
   1.0562846360813616     
   1.0603224867985808     
   1.0638990218002902     
   1.0674683916249093     
   1.0710305962684319     
   1.0745856357349566     
   1.0781335100240681     
   1.0816742191324815     
   1.0852077630636350     
   1.0887341418147134     
   1.0922533553881033     
   1.0892381276188987     
   1.0927404844998327     
   1.0962357086155821     
   1.0997237999686571     
   1.1032047585590692     
   1.1066785843865308     
   1.1101452774509628     
   1.0677123289816219     
   1.0711867803476118     
   1.0746544603599972     
   1.0781153690140008     
   1.0774782655304693     
   1.0809270769436830     
   1.0843691470111247     
   1.0878044757332166     
   1.0912330631108227     
   1.0946549091428146     
   1.0980700138305302     
   1.1014783771726897     
   1.1048799991702238     
   1.1082748798226232     
   1.1116630191298760     
   1.1150444170924454     
   1.1184190737094895     
   1.1217869889821723     
   1.1251481629094626     
   1.1285025954912289     
   1.1318502867287852     
   1.1351912366209707     
   1.1385254451681244     
   1.1418529123701830     
   1.1451736382263538     
   1.1484876227388896     
   1.1517948659072954     
   1.1550953677282960     
   1.1583891282061465     
   1.1616761473383250     
   1.1043116222941112     
   1.1075785115884749     
   1.1085421383988567     
   1.1126714393667561     
   1.1127396070973874     
   1.1159791171332363     
   1.1192122220142884     
   1.1224389217416444     
   1.1256592163156161     
   1.1288731057368049     
   1.1000947991496384     
   1.1032942941254600     
   1.0771132927313327     
   1.0802990468997302     
   1.0834787169637083     
   1.0866523029240795     
   1.0898198047796588     
   1.0929812225302400     
   1.0961365561774905     
   1.0992858057206507     
   1.1024289711599242     
   1.0815479867804052     
   1.0846793759849587     
   1.0878048075138267     
   1.0909242813692166     
   1.0067368678271720     
   1.0098711934463216     
   1.0130000963196657     
   1.0161235764432788     
   1.0192416338195931     
  0.96842427866820269     
  0.97155933148984719     
  0.97468932314337287     
  0.97781425363096242     
  0.98093412294792115     
  0.98404893109635361     
  0.98715867807597646     
  0.99026336388900704     
  0.99336298853241756     
  0.99645755200931152     
  0.99954705431515656     
   1.0026314954547169     
  0.95611229229908634     
  0.95837263040996223     
  0.96145744635213259     
  0.96453749460008154     
  0.96761277515094224     
  0.97068328801085824     
  0.97374903317385630     
  0.97681001064219575     
  0.97986622041829063     
  0.98291766249526002     
  0.98596433688130025     
   1.0418010552125314     
   1.0448014285895750     
   1.0477966727262120     
   1.0507867876253032     
   1.0537717732821918     
  0.95036211207027832     
  0.95383885474992591     
  0.95683784074090950     
  0.95983227669198601     
  0.96282216260176168     
  0.96580749847022429     
  0.96878828429664732     
  0.97176452008351566     
  0.97473620582815679     
  0.97770334153085958     
  0.98066592719306755     
  0.98362396281443898     
  0.98657744839350014     
  0.98952638393276859     
  0.97960407694230356     
  0.98254739328713492     
  0.90710096473475388     
  0.91003059862263846     
  0.91295608270522899     
  0.91587741698300573     
  0.91725603527054966     
  0.92016946369660801     
  0.92307875020439978     
  0.92598389479495702     
  0.92888489746652847     
  0.93178175822176623     
  0.93467447706039075     
  0.93756305398066386     
  0.94044748898223429     
  0.94332778206836365     
  0.94620393323500851     
  0.94907594248528482     
  0.95194380981774263     
  0.95480753523332296     
  0.95766711873106147     
  0.96052256031115424     
  0.96337385997313318     
  0.96622101771729851     
  0.93624490380705572     
  0.93909385695387138     
  0.94193883327116334     
  0.94477983276421917     
  0.94761685542878316     
  0.95044990126564821     
  0.90409457952944616     
  0.90693600760283144     
  0.90977370592377582     
  0.91260767449038505     
  0.91543791330515667     
  0.91826442236524874     
  0.92108720167284530     
  0.92390625122708214     
  0.92617591047858761     
  0.92898748026225975     
  0.93179532240733054     
  0.93459943691830927     
  0.93739982379262687     
  0.94019648303027026     
  0.94298941463257990     
  0.94577861859882661     
  0.94543577020115310     
  0.94821682003949714     
  0.95099415247770591     
  0.95376776751764880     
  0.95653766515806682     
  0.95930384540233438     
  0.96206630824815442     
  0.96482505369460925     
  0.96758008174395527     
  0.97033139239473276     
  0.97307898564650785     
  0.97582286150226016     
  0.97856301995742823     
  0.98129946101523857     
  0.98090917615022422     
  0.98363705900403686     
  0.98636123309059309     
  0.98908169840962312     
  0.99179845496168428     
  0.99451150274622857     
  0.99722084176534387     
  0.99992647201514684     
   1.0026283934989872     
   1.0053266062153636     
   1.0070619373434864     
   1.0097524926235539     
   1.0124393419907016     
   1.0151224854382734     
   1.0178019229712219     
   1.0204776545888214     
   1.0231496802877436     
   1.0258180000734258     
   1.0284826139409708     
   1.0311435218936909     
   1.0338007239299638     
   1.0364542200482465     
   1.0391040102529376     
   1.0417500945400036     
   1.0443924729112091     
   1.0476676532619862     
   1.0503025402620052     
   1.0500969505201816     
  0.96414328838072549     
  0.96675610517913912     
  0.96936550257637255     
  0.97197148057414884     
  0.97457403917125851     
  0.97717317836608508     
  0.97976889816220769     
  0.98236119855742388     
  0.98495007955285474     
  0.98753554114673969     
  0.99011758334233191     
  0.99269620613519094     
  0.99527140952687931     
  0.99784319351979511     
   1.0004115581128799     
   1.0029765033046825     
   1.0055380290953146     
  0.92428599463871852     
  0.92683533195686896     
  0.92938151480313902     
  0.93192454317789641     
  0.93446441708142114     
  0.93700113651362260     
  0.93350272734471917     
  0.93603551517522465     
  0.93856517436769749     
  0.94109170492206062     
  0.94361510683775029     
  0.94613538011477405     
  0.94865252475328776     
  0.95116654075475959     
  0.95367742811712652     
  0.95618518684097831     
  0.95868981692669974     
  0.96119131837373262     
  0.96368969118201986     
  0.96618493535210392     
  0.95990804910386340     
  0.96239865967666205     
  0.96488617340542326     
  0.96737059028873906     
  0.96985191032780027     
  0.97233013351988840     
  0.97480525987028543     
  0.97727728937467995     
  0.97974622203467621     
  0.98221205784839216     
  0.98467479681942205     
  0.98713443894437969     
  0.98959098422420477     
  0.99204443266117281     
  0.99449478425190363     
  0.99589454765974383     
  0.99833926487510061     
   1.0007808898130968     
   1.0032194224761350     
   1.0056548628620698     
   1.0080872109713470     
   1.0105164668050279     
   1.0129426303623634     
   1.0153657016434361     
   1.0177856806482097     
   1.0202025673753516     
   1.0226163618285058     
   1.0250270640046679     
   1.0274346739034881     
   1.0298391915266281     
   1.0322406168740268     
   1.0346389499447866     
   1.0370341907387162     
   1.0394263392573506     
   1.0418153954993041     
   1.0442013594643789     
   1.0465842311548041     
   1.0489640105671860     
   1.0513406977041058     
   1.0537142925636194     
   1.0560847951485242     
   1.0584522054567613     
   1.0608165234893785     
   1.0631777492441017     
   1.0655358827230796     
   1.0678909239266945     
   1.0702428728529132     
   1.0725917295033836     
   1.0749374938768872     
   1.0772801659748030     
   1.0796197457968346     
   1.0819562333418316     
   1.0842896286105999     
   1.0866199316035030     
   1.0889471423201544     
   1.0912712607601034     
   1.0935922869237589     
   1.0959102208117579     
   1.0982250624226473     
   1.1005368117584493     
   1.1028454688168132     
   1.1051510335993777     
   1.1074535061055675     
   1.1097528863355901     
   1.1081349380407262     
   1.1104288429631812     
   1.1127196678560098     
   1.1150074127182572     
   1.1172920775511095     
   1.1195736623541892     
   1.1218521671278872     
   1.1241275918711113     
   1.0675847977606323     
   1.0698699970976662     
   1.0721523094279111     
   1.0744317347525629     
   1.0767082730708810     
   1.0789819243816647     
   1.0812526886875176     
   1.0835205659855465     
   1.0857855562783891     
   1.0880476595651163     
   1.0903068758438414     
   1.0925632051181875     
   1.0948166473844536     
   1.0970672026454458     
   1.0993148708996006     
   1.1015596521472744     
   1.0867650845585197     
