  0.54468371935862714     
   1.0231464663755210     
  0.92966198884265450     
  0.71996213542165233     
  0.41975116460229289     
  0.19528220901165216     
   2.2397660863414437E-002
   6.8001975261018366E-003
   1.7242184780129621E-002
   6.0588900885616415E-003
   3.5451106263781895E-003
   3.8429231929395513E-003
   1.3507043233964566E-003
   6.4804611038726812E-004
   3.3573499571994958E-003
   1.1781525384662039E-003
   3.5123326248620579E-003
   6.7348579858519386E-003
   4.6881058311840640E-003
   4.7731337835763554E-003
   2.2485637155984506E-003
   1.7878775562167881E-003
   2.5486193734050033E-003
   2.7104209883690444E-003
   7.9060847559464520E-004
   1.8207675829291503E-003
   3.2143560017798833E-003
   6.5769758842098014E-003
   4.9211633353194451E-003
   4.6046113766706753E-003
   2.8276766568966494E-003
   2.7777206451968794E-003
   4.3381958847006352E-003
   7.8562089729743434E-003
   5.1751134120636699E-003
   8.1804111189756057E-003
   1.1884898691658652E-002
   1.4142184918743528E-002
   1.3170076315824009E-002
   1.4320840538903035E-002
   1.4760751191420951E-002
   1.1168968988674699E-002
   8.4258397757137615E-003
   1.1488538483818811E-002
   8.7005261016654956E-003
   6.6849601399829872E-003
   4.6932711904110747E-003
   3.2729778301110457E-004
   2.1139398740599447E-004
   9.0188374304611685E-004
   3.5240067302968470E-003
   4.5746376288713364E-003
   5.1336464826929884E-003
   6.1111387674397388E-003
   4.8554353042760123E-003
   1.9766168809005613E-003
   2.3004058795923488E-003
   3.9743205422435590E-003
   6.5943713919323077E-003
   4.8563413913107478E-003
   2.0204779645685012E-003
   2.1595100162812297E-003
   1.2784897998547873E-003
   2.0853382727976655E-003
   3.2166489471594506E-003
   4.8243597002521899E-003
   4.6990258839314514E-003
   6.4482765466686853E-003
   6.4366855404658363E-003
   5.6825969449045832E-003
   6.8626634094139938E-003
   8.9655377418629278E-004
   7.3230734995988200E-005
   3.4875417232003159E-003
   9.8140154356318732E-004
   5.3539957199046917E-003
   5.8193092742522268E-003
   1.0200329935884156E-002
   8.5527367219260242E-003
   7.5186284058554875E-003
   8.6536900683285012E-003
   7.2494858431229048E-003
   9.7870030356483895E-003
   1.1453984459125710E-002
   1.2672738998054545E-002
   9.2525734842117124E-003
   1.2637705860202519E-002
   1.5312628889857294E-002
   1.3344293888864378E-002
   1.2021991172479929E-002
   1.2447429200869387E-002
   1.1651118168023000E-002
   1.4050590941911967E-002
   1.6870547995071039E-002
   1.9924224571363780E-002
   1.8356003578765989E-002
   1.7527720902349220E-002
   1.8937971831619826E-002
   2.0675242824681916E-002
   2.0743930842751279E-002
   2.0893159946361539E-002
   2.1060997255892389E-002
   1.9928098316353449E-002
   1.9868578425639605E-002
   1.7950023085584910E-002
   1.9559912067718788E-002
   2.2444663427315437E-002
   2.4290466551673440E-002
   2.3547872801469527E-002
   2.5952139350962078E-002
   2.9375739248084454E-002
   2.6140118093448184E-002
   2.2544823730035191E-002
   2.1589044543224301E-002
   2.1477447058323662E-002
   2.6057680491446078E-002
   2.1637227901126987E-002
   2.5251233273445806E-002
   2.4951606723951247E-002
   2.3808443816120572E-002
   2.5053362802474499E-002
   2.5013059859441356E-002
   2.7005417381645191E-002
   2.6710070240215877E-002
   3.0445266744859811E-002
   2.7852209552397422E-002
   2.6224157658458314E-002
   3.0025239976241735E-002
   2.9176074703382682E-002
   3.3311103804313014E-002
   3.2413458055783551E-002
   3.0201045338666521E-002
   3.0024973561884938E-002
   2.9198899422032021E-002
   2.9772462859964044E-002
   2.7730000921594833E-002
   2.7003856662458414E-002
   2.9364216021718015E-002
   2.0433692776901324E-002
   1.7063448372530488E-002
   1.5299578574468065E-002
   1.5809228604513059E-002
   1.7236960758348463E-002
   1.8492827032376091E-002
   2.0193243386439796E-002
   1.8420777351563000E-002
   2.0972891299197993E-002
   2.3007530456336855E-002
   1.9596668938524964E-002
   1.7366856567914812E-002
   1.9680051000086518E-002
   2.2288789805296361E-002
   2.1012830538141181E-002
   2.2459833151712516E-002
   2.2631365846837781E-002
   2.3674023306491598E-002
   2.5321406345641950E-002
   2.3961903884769598E-002
   2.3532207386251169E-002
   2.4871063738034938E-002
   2.5081326075675925E-002
   2.2366936332250731E-002
   2.1712283002806920E-002
   1.8929570147571795E-002
   1.6845383757436494E-002
   1.4557260048075449E-002
   1.0860365756812485E-002
   8.2990769141475518E-003
   7.3207786001576736E-003
   4.2292476891048203E-003
   4.3126875526793285E-003
   4.6713842001233630E-004
   1.8141386585264208E-003
   1.7831440728142134E-003
   3.6880727189227969E-003
   3.6564601085675719E-003
   2.6341544228869473E-003
   3.9907605945987967E-004
   2.8691664587032761E-004
   1.9300878671080213E-004
   1.3370258914466859E-003
   3.4154459339919008E-004
   2.8597286630427377E-003
   1.1627857947802411E-003
   2.2377852461961112E-003
   3.1708846425204662E-003
   3.6066794728817353E-003
   2.6218339950034864E-003
   1.0553471843566253E-003
   3.9065591794833487E-003
   2.9734426733187824E-003
   6.7543685433824052E-004
   3.5349589885751431E-003
   6.7901139320067916E-003
   1.1262809194596546E-002
   1.2589098829858258E-002
   1.1818796060468983E-002
   1.1822745524896705E-002
   6.4627918656305905E-003
   6.9737761640871199E-003
   9.1237013368938857E-003
   8.3049999354016801E-003
   7.6744372355916912E-003
   5.2953247393290326E-003
   8.6655444797469894E-003
   6.7802457615708800E-003
   5.2274730490282639E-003
   5.1417319725319821E-003
   2.3291762154056261E-003
   3.7314331097149100E-003
   5.2607029123550308E-003
   5.8650153866501853E-003
   3.9176348279850171E-003
   3.5914096613334223E-003
   5.3455237705939407E-003
   1.8548987161475239E-003
   1.4875688230264750E-003
   3.4338268293003793E-003
   2.6851049603506816E-003
   2.3385831834157322E-003
   2.8380208394906958E-005
   2.1203289454627683E-003
   1.3339360889208507E-003
   5.5262782116130005E-003
   5.5297331393604487E-003
   6.5590988145847184E-003
   4.7114174514559792E-003
   3.5544381542806924E-003
   6.4804136409408741E-003
   5.3617139281949555E-003
   6.5362828751909241E-003
   8.2834670520992582E-003
   6.0670651075600546E-003
   6.6993622379514228E-003
   7.7914547538719958E-003
   1.0363278149174260E-002
   1.4035155026638435E-002
   1.3047963589479128E-002
   1.4397397761435116E-002
   1.3301809958909505E-002
   1.3676277310066709E-002
   1.3557471393637055E-002
   1.0994834918586438E-002
   8.4170266381722314E-003
   9.6538710627096513E-003
   1.1986261284259392E-002
   1.1636803267061957E-002
   1.4106177118804020E-002
   1.2189296299922603E-002
   1.1782303665680338E-002
   1.2226619457550214E-002
   1.3157867410054092E-002
   8.9584454702915650E-003
   7.6936693182463323E-003
   1.0054566119790387E-003
   2.9353159183767019E-003
   3.7157131496119433E-003
   6.2350613030606183E-003
   2.9806210810572331E-003
   3.9813129992594121E-004
   2.0356692863137127E-003
   4.6618617738536372E-003
   6.9953817900931803E-003
   6.4883973366196557E-003
   5.4864664554363785E-003
   2.8452109111318791E-003
   1.8738144770185095E-003
   1.0558261972613003E-003
   5.2465118330324856E-004
   5.0297438424218299E-004
   2.4159322567511854E-003
   4.7662882517776062E-003
   7.1217477796405859E-003
   8.5919390457320777E-003
   7.5378070156828514E-003
   8.7079711431261586E-003
   9.7786426915367208E-003
   1.3613961361406801E-002
   1.0806858634927918E-002
   1.2542223381666329E-002
   1.3697911406526542E-002
   1.3028365146611876E-002
   1.3204425035979517E-002
   1.3300891055305630E-002
   1.5741382413362537E-002
   1.5710432589144618E-002
   1.7290897851135245E-002
   2.0192745784223476E-002
   2.4038417708261095E-002
   2.2678310507759036E-002
   2.4936781359703231E-002
   2.6084535985670509E-002
   2.5943475167648167E-002
   2.4474928508994243E-002
   2.6154425590183328E-002
   2.6684008255470015E-002
   2.9254443762324334E-002
   3.0623127676083994E-002
   2.6978301779114533E-002
   3.0142692212406619E-002
   2.8828364207020618E-002
   2.9907082797456574E-002
   2.8532458388091486E-002
   2.4815959806103516E-002
   3.0486754973680474E-002
   3.3410863350745723E-002
   3.2248207984464372E-002
   3.0899098648879741E-002
   3.2669946670822458E-002
   3.1580663401706621E-002
   3.3199195580049246E-002
   3.2396437441895909E-002
   3.8717959560158111E-002
   3.8390093116771551E-002
   3.7271719820466398E-002
   3.5570675106253447E-002
   3.6151947537507612E-002
   4.1429024441736573E-002
   3.9402628472476220E-002
   3.7436929440986866E-002
   3.6639166462725692E-002
   3.9299124049009038E-002
   3.9074462966127932E-002
   3.8976150880232430E-002
   3.9288685786552424E-002
   3.5634405591151497E-002
   3.6187695671452857E-002
   3.3778154643938851E-002
   3.6846191004711537E-002
   3.7058769883047127E-002
   3.4146323081611474E-002
   3.2518611792927477E-002
   3.0519280880517696E-002
   2.6779780023525213E-002
   2.1603060938667928E-002
   2.1113192467719921E-002
   2.1650436113264337E-002
   2.0753351084954463E-002
   1.7595312900269500E-002
   1.5885023837735046E-002
   1.6378920101334682E-002
   1.7231822406265529E-002
   1.5440009640744323E-002
   1.5513639671743018E-002
   1.4559536821617813E-002
   1.3789098908759456E-002
   1.3481776916905108E-002
   1.1312581836504298E-002
   9.7749926016723609E-003
   9.7511592271160019E-003
   5.2576357514457772E-003
   5.0118833962089493E-003
   8.7951863956201581E-003
   8.1284705235780130E-003
   6.8554207572344428E-003
   5.9435376247614080E-003
   4.2063039358504195E-003
   3.7035422128932627E-003
   4.7420702734097819E-003
   5.5561192647926028E-003
   3.7945756230808314E-003
   2.0631375681861019E-003
   6.0087029161517425E-003
   3.6783426789062101E-003
   3.3320073010842943E-003
   2.3817885628782953E-003
   6.1576547634722978E-004
   2.4375298077694563E-003
   7.4205310259833901E-004
   5.5237047455669597E-004
   6.5141891939646257E-004
   1.1959819294253826E-003
   2.7534055715432437E-003
   2.4861228327257567E-003
   1.1503272578203827E-003
   4.5462530268298718E-003
   4.8180445305241459E-003
   4.7867410208355388E-003
   3.6243381279705833E-003
   5.3287337854450723E-003
   4.0089085728975959E-003
   2.2327301567868219E-003
   6.3453013375551759E-003
   5.9120732912085749E-003
   2.5776369232257679E-003
   1.6079890475781955E-003
   1.0445125619600315E-003
   4.7054444737426593E-004
   3.6041040445575767E-003
   2.9736320913458236E-003
   2.3962669134447445E-003
   4.4131185963078856E-003
   2.9921160225043764E-003
   1.1204428544360212E-003
   1.2036369261618773E-003
   2.4480266967952247E-003
   1.9687763746025766E-003
   1.1062020918699567E-003
   4.4414143121098704E-003
   6.6348673348790577E-003
   5.3071051393431823E-003
   4.9698087384038026E-003
   6.4333731590799914E-003
   9.7629201573696811E-003
   9.0717179664632219E-003
   1.0224060386111677E-002
   1.2074109183581871E-002
   1.0961945270206108E-002
   7.3971447933338652E-003
   8.2114508389361518E-003
   4.5673163049877452E-003
   4.8351089508740230E-003
   5.5546822469061397E-003
   8.2150389455808437E-003
   8.8083151410831562E-003
   9.9389011866479748E-003
   1.0245133247403171E-002
   9.7430348941314193E-003
   9.3328226115079183E-003
   9.5957421684387256E-003
   6.7637583423669767E-003
   8.8291524644290575E-003
   1.0310658127500538E-002
   8.6832718090779082E-003
   7.3299335859222658E-003
   5.3900943410809532E-003
   4.7541993663453574E-003
   6.6148912096886114E-003
   4.8573532364453165E-003
   5.9011233670647201E-003
   3.5077374976650866E-003
   1.0465722036605563E-003
   2.2054850980814944E-003
   1.1324549517941485E-003
   1.9974661788875192E-003
   6.7137348984003253E-005
   4.7924927597753353E-005
   1.7477265848704349E-003
   1.9879567424418987E-003
   2.4639700142525811E-003
   3.2230083786957131E-003
   3.6410910557882481E-003
