  0.1187
  0.3309
  0.5826
  0.8125
  0.9601
  0.9943
  0.9066
  0.7177
  0.4709
  0.2318
  0.0579
 -0.0130
  0.0423
  0.2097
  0.4494
  0.6951
  0.8896
  0.9883
  0.9686
  0.8296
  0.6099
  0.3588
  0.1429
  0.0124
 -0.0008
  0.1056
  0.3122
  0.5604
  0.7950
  0.9560
  1.0113
  0.9374
  0.7603
  0.5160
  0.2727
  0.0833
 -0.0016
  0.0373
  0.1843
  0.4119
  0.6613
  0.8744
  0.9968
  0.9965
  0.8778
  0.6620
  0.4144
  0.1842
  0.0329
 -0.0026
  0.0853
  0.2706
  0.5184
  0.7562
  0.9322
  0.9976
  0.9444
  0.7795
  0.5426
  0.2925
  0.0892
 -0.0109
  0.0089
  0.1490
  0.3705
  0.6206
  0.8412
  0.9720
  0.9864
  0.8791
  0.6750
  0.4255
  0.1939
  0.0334
 -0.0140
  0.0589
  0.2407
  0.4819
  0.7245
  0.9115
  0.9965
  0.9529
  0.7964
  0.5659
  0.3195
  0.1129
 -0.0030
  0.0024
  0.1249
  0.3379
  0.5869
  0.8139
  0.9617
  0.9869
  0.8964
  0.6999
  0.4546
  0.2202
  0.0452
 -0.0191
