 -0.0017
 -0.0020
 -0.0033
 -0.0049
 -0.0041
 -0.0088
 -0.0103
 -0.0069
 -0.0095
 -0.0121
 -0.0069
 -0.0062
 -0.0054
 -0.0087
 -0.0071
 -0.0040
 -0.0057
 -0.0045
 -0.0076
 -0.0083
 -0.0104
 -0.0125
 -0.0080
 -0.0122
 -0.0094
 -0.0094
 -0.0065
 -0.0055
 -0.0085
 -0.0103
 -0.0111
 -0.0147
 -0.0126
 -0.0114
 -0.0074
 -0.0065
 -0.0078
 -0.0068
 -0.0051
 -0.0067
 -0.0111
 -0.0101
 -0.0080
 -0.0134
 -0.0134
 -0.0120
 -0.0158
 -0.0175
 -0.0163
 -0.0157
 -0.0180
 -0.0181
 -0.0199
 -0.0194
 -0.0190
 -0.0160
 -0.0149
 -0.0114
 -0.0132
 -0.0146
 -0.0168
 -0.0153
 -0.0136
 -0.0148
 -0.0171
 -0.0124
 -0.0096
 -0.0102
 -0.0117
 -0.0120
 -0.0118
 -0.0110
 -0.0107
 -0.0135
 -0.0125
 -0.0135
 -0.0113
 -0.0152
 -0.0137
 -0.0156
 -0.0149
 -0.0178
 -0.0194
 -0.0187
 -0.0163
 -0.0138
 -0.0147
 -0.0145
 -0.0147
 -0.0141
 -0.0140
 -0.0173
 -0.0178
 -0.0172
 -0.0189
 -0.0198
 -0.0238
 -0.0192
 -0.0194
 -0.0152
