  1.0000
  2.0544
  3.2138
  4.4870
  5.7145
  6.7918
  7.6106
  8.2634
  8.9209
  9.7204
 10.6432
 11.6484
 12.6785
 13.6823
 14.8021
 16.0189
 17.2765
 18.4622
 19.4198
 20.1557
 20.8117
 21.5154
 22.3378
 23.3098
 24.3456
 25.3394
 26.3730
 27.5522
 28.8170
 30.0906
 31.1895
 32.0315
 32.6390
 33.2596
 34.0503
 34.9397
 35.9252
 36.9239
 37.9413
 38.9785
 40.2027
 41.4859
 42.7200
 43.6884
 44.4360
 45.0661
 45.7611
 46.5675
 47.4988
 48.5211
 49.5185
 50.5918
 51.7572
 52.9973
 54.2984
 55.4119
 56.3432
 57.0303
 57.6517
 58.3511
 59.3024
 60.3242
 61.3026
 62.3347
 63.3800
 64.5528
 65.7926
 67.0009
 68.0238
 68.8032
 69.4044
 70.0620
 70.8343
 71.7179
 72.7923
 73.8347
 74.8182
 75.8801
 77.1506
 78.4496
 79.6113
 80.5656
 81.2918
 81.9055
 82.5910
 83.4476
 84.4337
 85.4293
 86.4619
 87.5380
 88.7612
 90.0270
 91.2373
 92.2667
 93.1664
 93.8658
 94.5084
 95.2770
 96.1782
 97.1358
