  1.0000
  2.0101
  3.0496
  4.1763
  5.4108
  6.8231
  8.4711
 10.4237
 12.7706
 15.5401
 18.7960
 22.5399
 26.8402
 31.6958
 37.0759
 42.9630
 49.2846
 56.0419
 63.0446
 70.2528
 77.5740
 84.8406
 91.8386
 98.6294
104.9269
110.6081
115.6924
119.9420
123.3062
125.7457
127.1962
127.5242
126.9587
125.4354
123.0190
119.7749
115.7664
111.2342
106.2441
100.8864
 95.2382
 89.5619
 83.8842
 78.4084
 73.2633
 68.4328
 64.1260
 60.3074
 57.1064
 54.4360
 52.3481
 50.8367
 49.8589
 49.2720
 49.0800
 49.3122
 49.7952
 50.4633
 51.3133
 52.1753
 53.1526
 54.1422
 55.0792
 56.0387
 57.1328
 58.1998
 59.3217
 60.5220
 61.9463
 63.6945
 65.7084
 68.0910
 70.9118
 74.1898
 78.0504
 82.4630
 87.3778
 92.8527
 98.8473
105.2467
112.0410
119.2047
126.4524
133.8281
141.0906
148.0922
154.6908
160.9387
166.5419
171.5063
175.6386
178.8304
181.1898
182.3474
182.6117
181.8020
180.1686
177.6037
174.1791
170.0353
