  1.0000
  2.1951
  3.8527
  5.9039
  7.8839
  9.1496
  9.4688
  9.1271
  8.7429
  8.8324
  9.5237
 10.4997
 11.5096
 12.5367
 13.9191
 15.7815
 17.8874
 19.6214
 20.4448
 20.3887
 19.9286
 19.6723
 20.0411
 20.8846
 21.8843
 22.8743
 24.0568
 25.6822
 27.7316
 29.7371
 31.1814
 31.6041
 31.2563
 30.8116
 30.7898
 31.3763
 32.2852
 33.2923
 34.3254
 35.6802
 37.5090
 39.6307
 41.4167
 42.4107
 42.4217
 41.9685
 41.6452
 41.9651
 42.7836
 43.7663
 44.7346
 45.8394
 47.3877
 49.4402
 51.5516
 53.0438
 53.6468
 53.4046
 52.9163
 52.8734
 53.4104
 54.3030
 55.3174
 56.3320
 57.6201
 59.4287
 61.5053
 63.4298
 64.5215
 64.6711
 64.1875
 63.8865
 63.9994
 64.7627
 65.7243
 66.6783
 67.7549
 69.2600
 71.1972
 73.3475
 74.9833
 75.7099
 75.5137
 75.0155
 74.8588
 75.3037
 76.1442
 77.1024
 78.1429
 79.3919
 81.0221
 83.0687
 85.0451
 86.2924
 86.6127
 86.2083
 85.8095
 85.9201
 86.6187
 87.5554
