  0.0505
  0.1523
  0.2968
  0.4934
  0.7310
  1.0157
  1.3350
  1.6917
  2.0863
  2.5083
  2.9554
  3.4229
  3.9019
  4.3959
  4.8948
  5.3929
  5.8898
  6.3784
  6.8467
  7.3028
  7.7356
  8.1412
  8.5111
  8.8493
  9.1494
  9.4056
  9.6226
  9.7907
  9.9095
  9.9820
 10.0048
  9.9725
  9.8930
  9.7650
  9.5898
  9.3688
  9.1016
  8.7971
  8.4564
  8.0778
  7.6652
  7.2312
  6.7700
  6.2936
  5.8076
  5.3083
  4.8086
  4.3106
  3.8182
  3.3418
  2.8807
  2.4380
  2.0225
  1.6370
  1.2861
  0.9698
  0.6926
  0.4590
  0.2728
  0.1321
  0.0412
  0.0003
  0.0104
  0.0706
  0.1794
  0.3350
  0.5378
  0.7815
  1.0725
  1.4019
  1.7657
  2.1643
  2.5901
  3.0398
  3.5129
  3.9994
  4.4910
  4.9896
  5.4867
  5.9804
  6.4637
  6.9369
  7.3866
  7.8154
  8.2136
  8.5785
  8.9082
  9.2031
  9.4549
  9.6626
  9.8239
  9.9365
 10.0036
 10.0134
  9.9772
  9.8897
  9.7583
  9.5744
  9.3459
  9.0749
