  0.2398
  0.6607
  1.1593
  1.6125
  1.9154
  1.9849
  1.8127
  1.4389
  0.9510
  0.4736
  0.1192
 -0.0206
  0.0861
  0.4173
  0.8886
  1.3805
  1.7813
  1.9911
  1.9556
  1.6838
  1.2445
  0.7451
  0.3064
  0.0396
  0.0080
  0.2162
  0.6177
  1.1115
  1.5810
  1.9061
  2.0107
  1.8642
  1.5062
  1.0250
  0.5367
  0.1608
 -0.0066
  0.0694
  0.3713
  0.8303
  1.3297
  1.7483
  1.9799
  1.9779
  1.7321
  1.3104
  0.8109
  0.3594
  0.0633
 -0.0032
  0.1752
  0.5567
  1.0468
  1.5267
  1.8727
  2.0063
  1.8983
  1.5665
  1.0958
  0.6018
  0.2050
  0.0037
  0.0442
  0.3194
  0.7611
  1.2623
  1.6993
  1.9655
  1.9919
  1.7762
  1.3718
  0.8761
  0.4081
  0.0846
 -0.0183
  0.1289
  0.4894
  0.9732
  1.4612
  1.8353
  2.0040
  1.9244
  1.6167
  1.1579
  0.6582
  0.2402
  0.0098
  0.0196
  0.2700
  0.6985
  1.1954
  1.6464
  1.9407
  2.0001
  1.8146
  1.4325
  0.9429
  0.4643
  0.1194
 -0.0132
