 -0.0046
 -0.0040
 -0.0032
 -0.0044
 -0.0033
 -0.0015
 -0.0037
 -0.0042
 -0.0026
 -0.0006
 -0.0001
 -0.0030
 -0.0024
 -0.0073
 -0.0065
 -0.0059
 -0.0069
 -0.0084
 -0.0112
 -0.0120
 -0.0078
 -0.0059
 -0.0047
 -0.0062
 -0.0041
 -0.0038
 -0.0054
 -0.0058
 -0.0041
 -0.0016
 -0.0017
 -0.0018
  0.0002
 -0.0039
 -0.0044
 -0.0078
 -0.0075
 -0.0075
 -0.0121
 -0.0134
 -0.0141
 -0.0116
 -0.0125
 -0.0072
 -0.0082
 -0.0083
 -0.0107
 -0.0087
 -0.0127
 -0.0115
 -0.0106
 -0.0137
 -0.0146
 -0.0131
 -0.0142
 -0.0115
 -0.0140
 -0.0136
 -0.0133
 -0.0150
 -0.0119
 -0.0138
 -0.0173
 -0.0147
 -0.0138
 -0.0129
 -0.0158
 -0.0114
 -0.0111
 -0.0107
 -0.0082
 -0.0056
 -0.0024
  0.0010
  0.0025
  0.0008
 -0.0010
  0.0035
  0.0028
  0.0028
  0.0046
  0.0020
 -0.0027
  0.0002
 -0.0026
 -0.0049
 -0.0036
 -0.0003
 -0.0005
 -0.0038
 -0.0062
 -0.0065
 -0.0067
 -0.0053
 -0.0041
 -0.0053
 -0.0020
  0.0007
  0.0009
  0.0009
