 -0.0026
 -0.0059
 -0.0099
 -0.0126
 -0.0162
 -0.0195
 -0.0165
 -0.0190
 -0.0194
 -0.0213
 -0.0229
 -0.0233
 -0.0220
 -0.0261
 -0.0261
 -0.0226
 -0.0236
 -0.0226
 -0.0240
 -0.0252
 -0.0285
 -0.0292
 -0.0310
 -0.0326
 -0.0342
 -0.0335
 -0.0365
 -0.0345
 -0.0339
 -0.0307
 -0.0290
 -0.0262
 -0.0260
 -0.0227
 -0.0201
 -0.0209
 -0.0235
 -0.0213
 -0.0231
 -0.0247
 -0.0229
 -0.0242
 -0.0228
 -0.0227
 -0.0250
 -0.0301
 -0.0330
 -0.0306
 -0.0322
 -0.0374
 -0.0383
 -0.0397
 -0.0405
 -0.0408
 -0.0453
 -0.0447
 -0.0444
 -0.0415
 -0.0438
 -0.0444
 -0.0448
 -0.0436
 -0.0446
 -0.0477
 -0.0486
 -0.0467
 -0.0493
 -0.0505
 -0.0481
 -0.0499
 -0.0493
 -0.0506
 -0.0527
 -0.0546
 -0.0550
 -0.0540
 -0.0565
 -0.0551
 -0.0577
 -0.0563
 -0.0593
 -0.0585
 -0.0543
 -0.0546
 -0.0544
 -0.0566
 -0.0550
 -0.0559
 -0.0546
 -0.0581
 -0.0576
 -0.0582
 -0.0593
 -0.0629
 -0.0626
 -0.0621
 -0.0578
 -0.0580
 -0.0559
 -0.0595
