  0.0005
  0.0012
  0.0036
  0.0062
  0.0063
  0.0032
  0.0009
  0.0006
  0.0025
  0.0033
  0.0034
 -0.0002
  0.0039
  0.0024
  0.0007
  0.0053
  0.0045
  0.0050
  0.0058
  0.0080
  0.0122
  0.0122
  0.0127
  0.0120
  0.0127
  0.0119
  0.0166
  0.0173
  0.0207
  0.0235
  0.0240
  0.0241
  0.0257
  0.0250
  0.0293
  0.0315
  0.0325
  0.0316
  0.0302
  0.0264
  0.0249
  0.0222
  0.0186
  0.0208
  0.0213
  0.0172
  0.0172
  0.0177
  0.0158
  0.0156
  0.0151
  0.0142
  0.0147
  0.0134
  0.0154
  0.0154
  0.0131
  0.0116
  0.0091
  0.0079
  0.0084
  0.0087
  0.0128
  0.0125
  0.0137
  0.0142
  0.0109
  0.0054
  0.0073
  0.0071
  0.0046
  0.0062
  0.0057
  0.0057
  0.0079
  0.0089
  0.0089
  0.0119
  0.0091
  0.0103
  0.0081
  0.0088
  0.0087
  0.0084
  0.0066
  0.0059
  0.0058
  0.0042
  0.0024
  0.0019
  0.0021
  0.0009
 -0.0021
 -0.0058
 -0.0096
 -0.0094
 -0.0049
 -0.0064
 -0.0032
 -0.0069
