  0.4183
  0.8729
  0.9492
  0.5726
  0.0933
 -0.0516
  0.2809
  0.7770
  0.9793
  0.7118
  0.2107
 -0.0581
  0.1535
  0.6498
  0.9720
  0.8304
  0.3495
 -0.0280
  0.0487
  0.5064
  0.9247
  0.9211
  0.5005
  0.0469
 -0.0194
  0.3583
  0.8346
  0.9702
  0.6379
  0.1423
 -0.0588
  0.2213
  0.7218
  0.9869
  0.7742
  0.2787
 -0.0438
  0.1065
  0.5878
  0.9595
  0.8817
  0.4212
  0.0049
  0.0149
  0.4378
  0.8882
  0.9504
  0.5662
  0.0871
 -0.0458
  0.2933
  0.7865
  0.9830
  0.7038
  0.2034
 -0.0581
  0.1612
  0.6593
  0.9803
  0.8311
  0.3474
 -0.0225
  0.0624
  0.5213
  0.9305
  0.9162
  0.4886
  0.0406
 -0.0190
  0.3701
  0.8469
  0.9745
  0.6377
  0.1461
 -0.0480
  0.2336
  0.7351
  0.9912
  0.7700
  0.2740
 -0.0430
  0.1129
  0.5959
  0.9654
  0.8772
  0.4148
  0.0043
  0.0230
  0.4544
  0.8988
  0.9527
  0.5600
  0.0889
 -0.0329
  0.3072
  0.7987
  0.9877
  0.7031
  0.2052
 -0.0477
