  1.0000
  2.3775
  3.5060
  3.7938
  4.2502
  5.2303
  6.1845
  7.4687
  8.7751
  9.2507
  9.5202
 10.3805
 11.3523
 12.5056
 13.9397
 14.6730
 14.8357
 15.5858
 16.5767
 17.5927
 19.0431
 20.0302
 20.2458
 20.7943
 21.7697
 22.7159
 24.0330
 25.2385
 25.5746
 25.9504
 26.8905
 27.8244
 28.9884
 30.3363
 30.9054
 31.1608
 32.0103
 33.0027
 34.1167
 35.6028
 36.4563
 36.6244
 37.2740
 38.2734
 39.3205
 40.7375
 41.8977
 42.1513
 42.5982
 43.5705
 44.5018
 45.7837
 47.0786
 47.5706
 47.8698
 48.7984
 49.8522
 50.9939
 52.4326
 53.1358
 53.3032
 53.9945
 55.0032
 56.0643
 57.4705
 58.4637
 58.6581
 59.2004
 60.1679
 61.1047
 62.4544
 63.5921
 63.9356
 64.2864
 65.1822
 66.1922
 67.4991
 68.8614
 69.4286
 69.6784
 70.4727
 71.5363
 72.7053
 74.1566
 74.9742
 75.1258
 75.7843
 76.7726
 77.7065
 79.1559
 80.2109
 80.3838
 80.8952
 81.8071
 82.8027
 84.1251
 85.3136
 85.7259
 86.0206
 86.8870
