  0.4786
  1.1478
  1.8953
  2.5993
  3.1489
  3.2908
  2.9403
  2.4398
  1.9399
  1.4379
  0.9380
  0.6575
  0.8706
  1.4510
  2.1681
  2.9135
  3.5600
  3.9733
  3.8980
  3.3993
  2.9015
  2.4044
  1.9050
  1.4060
  1.3370
  1.7574
  2.4101
  3.1550
  3.8722
  4.4444
  4.6537
  4.3664
  3.8701
  3.3726
  2.8715
  2.3731
  2.0319
  2.1830
  2.7375
  3.4449
  4.1934
  4.8631
  5.3332
  5.3224
  4.8352
  4.3363
  3.8370
  3.3360
  2.8381
  2.7053
  3.0640
  3.6937
  4.4346
  5.1638
  5.7618
  6.0307
  5.8059
  5.3075
  4.8055
  4.3077
  3.8079
  3.4027
  3.4868
  4.0141
  4.7053
  5.4552
  6.1425
  6.6565
  6.7138
  6.2886
  5.7879
  5.2904
  4.7888
  4.2889
  4.0920
  4.3860
  4.9953
  5.7270
  6.4652
  7.0875
  7.4234
  7.2634
  6.7649
  6.2650
  5.7662
  5.2694
  4.8051
  4.8227
  5.3175
  5.9901
  6.7406
  7.4426
  7.9821
  8.1104
  7.7435
  7.2434
  6.7419
  6.2418
  5.7416
  5.4826
