  1.0000
  2.6383
  5.4396
  9.2853
 13.2012
 15.0999
 13.7961
 11.8514
 10.3966
  9.4471
  9.0112
  9.4883
 10.7647
 12.8914
 16.3166
 21.0262
 26.1448
 30.0857
 30.4917
 27.5723
 25.1892
 23.2843
 21.9115
 21.0175
 21.8081
 23.9497
 27.6668
 33.0076
 39.3077
 45.0543
 47.8990
 46.2221
 42.8772
 40.0175
 37.6424
 35.8130
 35.2021
 36.8257
 40.4800
 46.2251
 53.5461
 61.0145
 66.5822
 67.5306
 63.3264
 59.5254
 56.1626
 53.3366
 50.9890
 51.1877
 54.1078
 59.6765
 67.5082
 76.3628
 84.2314
 88.3478
 86.6388
 81.8588
 77.4912
 73.6959
 70.3367
 68.2939
 69.8388
 74.6590
 82.5418
 92.4171
102.3810
109.8348
111.6108
106.8859
101.7010
 96.9387
 92.6006
 88.7493
 88.0181
 91.4581
 98.7365
108.9951
120.5895
130.7606
136.6303
135.2560
129.0191
123.2315
118.0299
113.3353
109.4656
110.5703
116.3249
126.1802
138.6433
151.1972
160.6596
163.7478
158.7732
152.0687
145.7070
139.9514
134.6329
132.6329
