  0.0006
 -0.1676
 -0.4172
 -0.6229
 -0.6732
 -0.6738
 -0.6726
 -0.6705
 -0.6689
 -0.6690
 -0.6711
 -0.6727
 -0.6720
 -0.7483
 -0.9689
 -1.2129
 -1.3615
 -1.3624
 -1.3605
 -1.3603
 -1.3617
 -1.3647
 -1.3635
 -1.3642
 -1.3616
 -1.3641
 -1.5172
 -1.7631
 -1.9808
 -2.0597
 -2.0573
 -2.0553
 -2.0538
 -2.0505
 -2.0490
 -2.0476
 -2.0496
 -2.0498
 -2.1018
 -2.3065
 -2.5548
 -2.7227
 -2.7239
 -2.7309
 -2.7301
 -2.7305
 -2.7243
 -2.7256
 -2.7275
 -2.7264
 -2.7252
 -2.8564
 -3.0944
 -3.3222
 -3.4237
 -3.4241
 -3.4274
 -3.4290
 -3.4300
 -3.4316
 -3.4297
 -3.4293
 -3.4291
 -3.4497
 -3.6448
 -3.8948
 -4.0781
 -4.0912
 -4.0933
 -4.0921
 -4.0962
 -4.0961
 -4.0959
 -4.0948
 -4.0929
 -4.0967
 -4.2072
 -4.4394
 -4.6745
 -4.7934
 -4.7968
 -4.7955
 -4.7974
 -4.7999
 -4.8012
 -4.8037
 -4.8035
 -4.8017
 -4.8027
 -4.9785
 -5.2266
 -5.4259
 -5.4731
 -5.4729
 -5.4694
 -5.4719
 -5.4703
 -5.4706
 -5.4687
 -5.4676
