  1.0000
  0.2088
  0.2473
  0.2252
  0.1497
  0.0331
 -0.0846
 -0.1881
 -0.2442
 -0.2397
 -0.1780
 -0.0701
  0.0540
  0.1636
  0.2356
  0.2477
  0.1999
  0.1054
 -0.0185
 -0.1365
 -0.2213
 -0.2501
 -0.2202
 -0.1342
 -0.0166
  0.1045
  0.1993
  0.2479
  0.2351
  0.1642
  0.0532
 -0.0719
 -0.1789
 -0.2389
 -0.2429
 -0.1884
 -0.0850
  0.0391
  0.1500
  0.2287
  0.2506
  0.2087
  0.1165
 -0.0010
 -0.1240
 -0.2134
 -0.2512
 -0.2246
 -0.1488
 -0.0359
  0.0888
  0.1900
  0.2447
  0.2398
  0.1707
  0.0671
 -0.0538
 -0.1645
 -0.2365
 -0.2473
 -0.1986
 -0.1000
  0.0198
  0.1360
  0.2204
  0.2515
  0.2173
  0.1325
  0.0144
 -0.1088
 -0.2019
 -0.2485
 -0.2351
 -0.1627
 -0.0516
  0.0741
  0.1790
  0.2426
  0.2427
  0.1877
  0.0828
 -0.0394
 -0.1518
 -0.2295
 -0.2498
 -0.2101
 -0.1144
  0.0044
  0.1259
  0.2125
  0.2487
  0.2252
  0.1466
  0.0279
 -0.0927
 -0.1908
 -0.2426
 -0.2394
 -0.1714
 -0.0681
